/*--------------------------------*- C++ -*----------------------------------*\
  =========                 |
  \\      /  F ield         | OpenFOAM: The Open Source CFD Toolbox
   \\    /   O peration     | Website:  https://openfoam.org
    \\  /    A nd           | Version:  7
     \\/     M anipulation  |
\*---------------------------------------------------------------------------*/
FoamFile
{
    version     2.0;
    format      ascii;
    class       volVectorField;
    location    "0.000";
    object      U;
}
// * * * * * * * * * * * * * * * * * * * * * * * * * * * * * * * * * * * * * //

dimensions      [0 1 -1 0 0 0 0];

internalField   nonuniform List<vector> 
300
(
(-0 -0 -1.16146e-09)
(-0 -0 -1.16146e-09)
(-0 -0 -1.16146e-09)
(-0 -0 -1.16146e-09)
(-0 -0 -1.16146e-09)
(-0 -0 -1.16146e-09)
(-0 -0 -1.16146e-09)
(-0 -0 -1.16146e-09)
(-0 -0 -1.16146e-09)
(-0 -0 -1.16146e-09)
(-0 -0 -1.16146e-09)
(-0 -0 -1.16146e-09)
(-0 -0 -1.16146e-09)
(-0 -0 -1.16146e-09)
(-0 -0 -1.16146e-09)
(-0 -0 -1.16146e-09)
(-0 -0 -1.16146e-09)
(-0 -0 -1.16146e-09)
(-0 -0 -1.16146e-09)
(-0 -0 -1.16146e-09)
(-0 -0 -1.16146e-09)
(-0 -0 -1.16146e-09)
(-0 -0 -1.16146e-09)
(-0 -0 -1.16146e-09)
(-0 -0 -1.16146e-09)
(-0 -0 -1.16146e-09)
(-0 -0 -1.16146e-09)
(-0 -0 -1.16146e-09)
(-0 -0 -1.16146e-09)
(-0 -0 -1.16146e-09)
(-0 -0 -1.16146e-09)
(-0 -0 -1.16146e-09)
(-0 -0 -1.16146e-09)
(-0 -0 -1.16146e-09)
(-0 -0 -1.16146e-09)
(-0 -0 -1.16146e-09)
(-0 -0 -1.16146e-09)
(-0 -0 -1.16146e-09)
(-0 -0 -1.16146e-09)
(-0 -0 -1.16146e-09)
(-0 -0 -1.16146e-09)
(-0 -0 -1.16146e-09)
(-0 -0 -1.16146e-09)
(-0 -0 -1.16146e-09)
(-0 -0 -1.16146e-09)
(-0 -0 -1.16146e-09)
(-0 -0 -1.16146e-09)
(-0 -0 -1.16146e-09)
(-0 -0 -1.16146e-09)
(-0 -0 -1.16146e-09)
(-0 -0 -1.16146e-09)
(-0 -0 -1.16146e-09)
(-0 -0 -1.16146e-09)
(-0 -0 -1.16146e-09)
(-0 -0 -1.16146e-09)
(-0 -0 -1.16146e-09)
(-0 -0 -1.16146e-09)
(-0 -0 -1.16146e-09)
(-0 -0 -1.16146e-09)
(-0 -0 -1.16146e-09)
(-0 -0 -1.16146e-09)
(-0 -0 -1.16146e-09)
(-0 -0 -1.16146e-09)
(-0 -0 -1.16146e-09)
(-0 -0 -1.16146e-09)
(-0 -0 -1.16146e-09)
(-0 -0 -1.16146e-09)
(-0 -0 -1.16146e-09)
(-0 -0 -1.16146e-09)
(-0 -0 -1.16146e-09)
(-0 -0 -1.16146e-09)
(-0 -0 -1.16146e-09)
(-0 -0 -1.16146e-09)
(-0 -0 -1.16146e-09)
(-0 -0 -1.16146e-09)
(-0 -0 -1.16146e-09)
(-0 -0 -4.88266e-07)
(-0 -0 -1.16146e-09)
(-0 -0 -1.16146e-09)
(-0 -0 -1.16146e-09)
(-0 -0 -1.16146e-09)
(-0 -0 -1.16146e-09)
(-0 -0 -1.16146e-09)
(-0 -0 -1.16146e-09)
(-0 -0 -1.16146e-09)
(-0 -0 -1.16146e-09)
(-0 -0 -1.16146e-09)
(-0 -0 -1.16146e-09)
(-0 -0 -1.16146e-09)
(-0 -0 -1.16146e-09)
(-0 -0 -1.16146e-09)
(-0 -0 -1.16146e-09)
(-0 -0 -1.16146e-09)
(-0 -0 -1.16146e-09)
(-0 -0 -1.16146e-09)
(-0 -0 -1.16146e-09)
(-0 -0 -1.16146e-09)
(-0 -0 -1.16146e-09)
(-0 -0 -1.16146e-09)
(-0 -0 -1.16146e-09)
(-0 -0 -1.16146e-09)
(-0 -0 -1.16146e-09)
(-0 -0 -1.16146e-09)
(-0 -0 -1.16146e-09)
(-0 -0 -1.16146e-09)
(-0 -0 -1.16146e-09)
(-0 -0 -1.16146e-09)
(-0 -0 -1.16146e-09)
(-0 -0 -1.16146e-09)
(-0 -0 -1.16146e-09)
(-0 -0 -1.16146e-09)
(-0 -0 -1.16146e-09)
(-0 -0 -1.16146e-09)
(-0 -0 -1.16146e-09)
(-0 -0 -1.16146e-09)
(-0 -0 -1.16146e-09)
(-0 -0 -1.16146e-09)
(-0 -0 -1.16146e-09)
(-0 -0 -1.16146e-09)
(-0 -0 -1.16146e-09)
(-0 -0 -1.16146e-09)
(-0 -0 -1.16146e-09)
(-0 -0 -1.16146e-09)
(-0 -0 -1.16146e-09)
(-0 -0 -1.16146e-09)
(-0 -0 -1.16146e-09)
(-0 -0 -1.16146e-09)
(-0 -0 -1.16146e-09)
(-0 -0 -1.16146e-09)
(-0 -0 -1.16146e-09)
(-0 -0 -1.16146e-09)
(-0 -0 -1.16146e-09)
(-0 -0 -1.16146e-09)
(-0 -0 -1.16146e-09)
(-0 -0 -1.16146e-09)
(-0 -0 -1.16146e-09)
(-0 -0 -1.16146e-09)
(-0 -0 -1.16146e-09)
(-0 -0 -1.16146e-09)
(-0 -0 -1.16146e-09)
(-0 -0 -1.16146e-09)
(-0 -0 -1.16146e-09)
(-0 -0 -1.16146e-09)
(-0 -0 -1.16146e-09)
(-0 -0 -1.16146e-09)
(-0 -0 -1.16146e-09)
(-0 -0 -1.16146e-09)
(-0 -0 -1.16146e-09)
(-0 -0 -1.16146e-09)
(-0 -0 -1.16146e-09)
(-0 -0 -1.16146e-09)
(-0 -0 -1.16146e-09)
(-0 -0 -1.16146e-09)
(-0 -0 -1.16146e-09)
(-0 -0 -1.16146e-09)
(-0 -0 -1.16146e-09)
(-0 -0 -1.16146e-09)
(-0 -0 -1.16146e-09)
(-0 -0 -1.16146e-09)
(-0 -0 -1.16146e-09)
(-0 -0 -1.16146e-09)
(-0 -0 -1.16146e-09)
(-0 -0 -1.16146e-09)
(-0 -0 -1.16146e-09)
(-0 -0 -1.16146e-09)
(-0 -0 -1.16146e-09)
(-0 -0 -1.16146e-09)
(-0 -0 -1.16146e-09)
(-0 -0 -1.16146e-09)
(-0 -0 -1.16146e-09)
(-0 -0 -1.16146e-09)
(-0 -0 -1.16146e-09)
(-0 -0 -1.16146e-09)
(-0 -0 -1.16146e-09)
(-0 -0 -1.16146e-09)
(-0 -0 -1.16146e-09)
(-0 -0 -1.16146e-09)
(-0 -0 -1.16146e-09)
(-0 -0 -1.16146e-09)
(-0 -0 -1.16146e-09)
(-0 -0 -1.16146e-09)
(-0 -0 -1.16146e-09)
(-0 -0 -1.16146e-09)
(-0 -0 -1.16146e-09)
(-0 -0 -1.16146e-09)
(-0 -0 -1.16146e-09)
(-0 -0 -1.16146e-09)
(-0 -0 -1.16146e-09)
(-0 -0 -1.16146e-09)
(-0 -0 -1.16146e-09)
(-0 -0 -1.16146e-09)
(-0 -0 -1.16146e-09)
(-0 -0 -1.16146e-09)
(-0 -0 -1.16146e-09)
(-0 -0 -1.16146e-09)
(-0 -0 -1.16146e-09)
(-0 -0 -1.16146e-09)
(-0 -0 -1.16146e-09)
(-0 -0 -1.16146e-09)
(-0 -0 -1.16146e-09)
(-0 -0 -1.16146e-09)
(-0 -0 -1.16146e-09)
(-0 -0 -1.16146e-09)
(-0 -0 -1.16146e-09)
(-0 -0 -1.16146e-09)
(-0 -0 -1.16146e-09)
(-0 -0 -1.16146e-09)
(-0 -0 -1.16146e-09)
(-0 -0 -1.16146e-09)
(-0 -0 -1.16146e-09)
(-0 -0 -1.16146e-09)
(-0 -0 -1.16146e-09)
(-0 -0 -1.16146e-09)
(-0 -0 -1.16146e-09)
(-0 -0 -1.16146e-09)
(-0 -0 -1.16146e-09)
(-0 -0 -1.16146e-09)
(-0 -0 -1.16146e-09)
(-0 -0 -1.16146e-09)
(-0 -0 -1.16146e-09)
(-0 -0 -1.16146e-09)
(-0 -0 -1.16146e-09)
(-0 -0 -1.16146e-09)
(-0 -0 -1.16146e-09)
(-0 -0 -1.16146e-09)
(-0 -0 -1.16146e-09)
(-0 -0 -1.16146e-09)
(-0 -0 -1.16146e-09)
(-0 -0 -1.16146e-09)
(-0 -0 -1.16146e-09)
(-0 -0 -1.16146e-09)
(-0 -0 -1.16146e-09)
(-0 -0 -1.16146e-09)
(-0 -0 -1.16146e-09)
(-0 -0 -1.16146e-09)
(-0 -0 -1.16146e-09)
(-0 -0 -1.16146e-09)
(-0 -0 -1.16146e-09)
(-0 -0 -1.16146e-09)
(-0 -0 -1.16146e-09)
(-6.43128e-22 -0 4.63423e-07)
(1.61185e-24 -0 -1.16146e-09)
(-0 -0 -1.16146e-09)
(-0 -0 -1.16146e-09)
(-0 -0 -1.16146e-09)
(-0 -0 -1.16146e-09)
(-0 -0 -1.16146e-09)
(-0 -0 -1.16146e-09)
(-0 -0 -1.16146e-09)
(-0 -0 -1.16146e-09)
(-0 -0 -1.16146e-09)
(-0 -0 -1.16146e-09)
(-0 -0 -1.16146e-09)
(-0 -0 -1.16146e-09)
(-0 -0 -1.16146e-09)
(-0 -0 -1.16146e-09)
(-0 -0 -1.16146e-09)
(-0 -0 -1.16146e-09)
(-0 -0 -1.16146e-09)
(-0 -0 -1.16146e-09)
(-0 -0 -1.16146e-09)
(-0 -0 -1.16146e-09)
(-0 -0 -1.16146e-09)
(-0 -0 -1.16146e-09)
(-0 -0 -1.16146e-09)
(-0 -0 -1.16146e-09)
(-0 -0 -1.16146e-09)
(-0 -0 -1.16146e-09)
(-0 -0 -1.16146e-09)
(-0 -0 -1.16146e-09)
(-0 -0 -1.16146e-09)
(-0 -0 -1.16146e-09)
(-0 -0 -1.16146e-09)
(-0 -0 -1.16146e-09)
(-0 -0 -1.16146e-09)
(-0 -0 -1.16146e-09)
(-0 -0 -1.16146e-09)
(-0 -0 -1.16146e-09)
(-0 -0 -1.16146e-09)
(-0 -0 -1.16146e-09)
(-0 -0 -1.16146e-09)
(-0 -0 -1.16146e-09)
(-0 -0 -1.16146e-09)
(-0 -0 -1.16146e-09)
(-0 -0 -1.16146e-09)
(-0 -0 -1.16146e-09)
(-0 -0 -1.16146e-09)
(-0 -0 -1.16146e-09)
(-0 -0 -1.16146e-09)
(-0 -0 -1.16146e-09)
(-0 -0 -1.16146e-09)
(-0 -0 -1.16146e-09)
(-0 -0 -1.16146e-09)
(-0 -0 -1.16146e-09)
(-0 -0 -1.16146e-09)
(-0 -0 -1.16146e-09)
(-0 -0 -1.16146e-09)
(-0 -0 -1.16146e-09)
(-0 -0 -1.16146e-09)
(-0 -0 -1.16146e-09)
)
;

boundaryField
{
    top
    {
        type            calculated;
        value           uniform (-0 -0 -0.0178314);
    }
    left
    {
        type            empty;
    }
    right
    {
        type            empty;
    }
    front
    {
        type            empty;
    }
    back
    {
        type            empty;
    }
    bottom
    {
        type            calculated;
        value           uniform (-1.56704e-17 -0 0.0169517);
    }
}


// ************************************************************************* //
