/*--------------------------------*- C++ -*----------------------------------*\
  =========                 |
  \\      /  F ield         | OpenFOAM: The Open Source CFD Toolbox
   \\    /   O peration     | Website:  https://openfoam.org
    \\  /    A nd           | Version:  7
     \\/     M anipulation  |
\*---------------------------------------------------------------------------*/
FoamFile
{
    version     2.0;
    format      ascii;
    class       vectorField;
    location    "constant/polyMesh";
    object      points;
}
// * * * * * * * * * * * * * * * * * * * * * * * * * * * * * * * * * * * * * //


2592
(
(0 0 -1.53)
(0.15 0 -1.53)
(0 0.15 -1.53)
(0.15 0.15 -1.53)
(0 0 -1.519997649)
(0.15 0 -1.519997649)
(0 0.15 -1.519997649)
(0.15 0.15 -1.519997649)
(0 0 -1.510023547)
(0.15 0 -1.510023547)
(0 0.15 -1.510023547)
(0.15 0.15 -1.510023547)
(0 0 -1.500077614)
(0.15 0 -1.500077614)
(0 0.15 -1.500077614)
(0.15 0.15 -1.500077614)
(0 0 -1.490159771)
(0.15 0 -1.490159771)
(0 0.15 -1.490159771)
(0.15 0.15 -1.490159771)
(0 0 -1.480269939)
(0.15 0 -1.480269939)
(0 0.15 -1.480269939)
(0.15 0.15 -1.480269939)
(0 0 -1.470408038)
(0.15 0 -1.470408038)
(0 0.15 -1.470408038)
(0.15 0.15 -1.470408038)
(0 0 -1.460573989)
(0.15 0 -1.460573989)
(0 0.15 -1.460573989)
(0.15 0.15 -1.460573989)
(0 0 -1.450767714)
(0.15 0 -1.450767714)
(0 0.15 -1.450767714)
(0.15 0.15 -1.450767714)
(0 0 -1.440989135)
(0.15 0 -1.440989135)
(0 0.15 -1.440989135)
(0.15 0.15 -1.440989135)
(0 0 -1.431238173)
(0.15 0 -1.431238173)
(0 0.15 -1.431238173)
(0.15 0.15 -1.431238173)
(0 0 -1.42151475)
(0.15 0 -1.42151475)
(0 0.15 -1.42151475)
(0.15 0.15 -1.42151475)
(0 0 -1.411818788)
(0.15 0 -1.411818788)
(0 0.15 -1.411818788)
(0.15 0.15 -1.411818788)
(0 0 -1.40215021)
(0.15 0 -1.40215021)
(0 0.15 -1.40215021)
(0.15 0.15 -1.40215021)
(0 0 -1.392508939)
(0.15 0 -1.392508939)
(0 0.15 -1.392508939)
(0.15 0.15 -1.392508939)
(0 0 -1.382894897)
(0.15 0 -1.382894897)
(0 0.15 -1.382894897)
(0.15 0.15 -1.382894897)
(0 0 -1.373308007)
(0.15 0 -1.373308007)
(0 0.15 -1.373308007)
(0.15 0.15 -1.373308007)
(0 0 -1.363748193)
(0.15 0 -1.363748193)
(0 0.15 -1.363748193)
(0.15 0.15 -1.363748193)
(0 0 -1.354215379)
(0.15 0 -1.354215379)
(0 0.15 -1.354215379)
(0.15 0.15 -1.354215379)
(0 0 -1.344709487)
(0.15 0 -1.344709487)
(0 0.15 -1.344709487)
(0.15 0.15 -1.344709487)
(0 0 -1.335230443)
(0.15 0 -1.335230443)
(0 0.15 -1.335230443)
(0.15 0.15 -1.335230443)
(0 0 -1.32577817)
(0.15 0 -1.32577817)
(0 0.15 -1.32577817)
(0.15 0.15 -1.32577817)
(0 0 -1.316352592)
(0.15 0 -1.316352592)
(0 0.15 -1.316352592)
(0.15 0.15 -1.316352592)
(0 0 -1.306953635)
(0.15 0 -1.306953635)
(0 0.15 -1.306953635)
(0.15 0.15 -1.306953635)
(0 0 -1.297581222)
(0.15 0 -1.297581222)
(0 0.15 -1.297581222)
(0.15 0.15 -1.297581222)
(0 0 -1.28823528)
(0.15 0 -1.28823528)
(0 0.15 -1.28823528)
(0.15 0.15 -1.28823528)
(0 0 -1.278915733)
(0.15 0 -1.278915733)
(0 0.15 -1.278915733)
(0.15 0.15 -1.278915733)
(0 0 -1.269622506)
(0.15 0 -1.269622506)
(0 0.15 -1.269622506)
(0.15 0.15 -1.269622506)
(0 0 -1.260355526)
(0.15 0 -1.260355526)
(0 0.15 -1.260355526)
(0.15 0.15 -1.260355526)
(0 0 -1.251114718)
(0.15 0 -1.251114718)
(0 0.15 -1.251114718)
(0.15 0.15 -1.251114718)
(0 0 -1.241900009)
(0.15 0 -1.241900009)
(0 0.15 -1.241900009)
(0.15 0.15 -1.241900009)
(0 0 -1.232711324)
(0.15 0 -1.232711324)
(0 0.15 -1.232711324)
(0.15 0.15 -1.232711324)
(0 0 -1.223548591)
(0.15 0 -1.223548591)
(0 0.15 -1.223548591)
(0.15 0.15 -1.223548591)
(0 0 -1.214411735)
(0.15 0 -1.214411735)
(0 0.15 -1.214411735)
(0.15 0.15 -1.214411735)
(0 0 -1.205300684)
(0.15 0 -1.205300684)
(0 0.15 -1.205300684)
(0.15 0.15 -1.205300684)
(0 0 -1.196215365)
(0.15 0 -1.196215365)
(0 0.15 -1.196215365)
(0.15 0.15 -1.196215365)
(0 0 -1.187155705)
(0.15 0 -1.187155705)
(0 0.15 -1.187155705)
(0.15 0.15 -1.187155705)
(0 0 -1.178121632)
(0.15 0 -1.178121632)
(0 0.15 -1.178121632)
(0.15 0.15 -1.178121632)
(0 0 -1.169113073)
(0.15 0 -1.169113073)
(0 0.15 -1.169113073)
(0.15 0.15 -1.169113073)
(0 0 -1.160129957)
(0.15 0 -1.160129957)
(0 0.15 -1.160129957)
(0.15 0.15 -1.160129957)
(0 0 -1.151172211)
(0.15 0 -1.151172211)
(0 0.15 -1.151172211)
(0.15 0.15 -1.151172211)
(0 0 -1.142239764)
(0.15 0 -1.142239764)
(0 0.15 -1.142239764)
(0.15 0.15 -1.142239764)
(0 0 -1.133332545)
(0.15 0 -1.133332545)
(0 0.15 -1.133332545)
(0.15 0.15 -1.133332545)
(0 0 -1.124450482)
(0.15 0 -1.124450482)
(0 0.15 -1.124450482)
(0.15 0.15 -1.124450482)
(0 0 -1.115593504)
(0.15 0 -1.115593504)
(0 0.15 -1.115593504)
(0.15 0.15 -1.115593504)
(0 0 -1.106761541)
(0.15 0 -1.106761541)
(0 0.15 -1.106761541)
(0.15 0.15 -1.106761541)
(0 0 -1.097954521)
(0.15 0 -1.097954521)
(0 0.15 -1.097954521)
(0.15 0.15 -1.097954521)
(0 0 -1.089172374)
(0.15 0 -1.089172374)
(0 0.15 -1.089172374)
(0.15 0.15 -1.089172374)
(0 0 -1.08041503)
(0.15 0 -1.08041503)
(0 0.15 -1.08041503)
(0.15 0.15 -1.08041503)
(0 0 -1.071682419)
(0.15 0 -1.071682419)
(0 0.15 -1.071682419)
(0.15 0.15 -1.071682419)
(0 0 -1.062974472)
(0.15 0 -1.062974472)
(0 0.15 -1.062974472)
(0.15 0.15 -1.062974472)
(0 0 -1.054291117)
(0.15 0 -1.054291117)
(0 0.15 -1.054291117)
(0.15 0.15 -1.054291117)
(0 0 -1.045632287)
(0.15 0 -1.045632287)
(0 0.15 -1.045632287)
(0.15 0.15 -1.045632287)
(0 0 -1.036997911)
(0.15 0 -1.036997911)
(0 0.15 -1.036997911)
(0.15 0.15 -1.036997911)
(0 0 -1.028387921)
(0.15 0 -1.028387921)
(0 0.15 -1.028387921)
(0.15 0.15 -1.028387921)
(0 0 -1.019802248)
(0.15 0 -1.019802248)
(0 0.15 -1.019802248)
(0.15 0.15 -1.019802248)
(0 0 -1.011240823)
(0.15 0 -1.011240823)
(0 0.15 -1.011240823)
(0.15 0.15 -1.011240823)
(0 0 -1.002703578)
(0.15 0 -1.002703578)
(0 0.15 -1.002703578)
(0.15 0.15 -1.002703578)
(0 0 -0.9941904434)
(0.15 0 -0.9941904434)
(0 0.15 -0.9941904434)
(0.15 0.15 -0.9941904434)
(0 0 -0.9857013524)
(0.15 0 -0.9857013524)
(0 0.15 -0.9857013524)
(0.15 0.15 -0.9857013524)
(0 0 -0.9772362368)
(0.15 0 -0.9772362368)
(0 0.15 -0.9772362368)
(0.15 0.15 -0.9772362368)
(0 0 -0.9687950287)
(0.15 0 -0.9687950287)
(0 0.15 -0.9687950287)
(0.15 0.15 -0.9687950287)
(0 0 -0.9603776607)
(0.15 0 -0.9603776607)
(0 0.15 -0.9603776607)
(0.15 0.15 -0.9603776607)
(0 0 -0.9519840655)
(0.15 0 -0.9519840655)
(0 0.15 -0.9519840655)
(0.15 0.15 -0.9519840655)
(0 0 -0.9436141759)
(0.15 0 -0.9436141759)
(0 0.15 -0.9436141759)
(0.15 0.15 -0.9436141759)
(0 0 -0.9352679249)
(0.15 0 -0.9352679249)
(0 0.15 -0.9352679249)
(0.15 0.15 -0.9352679249)
(0 0 -0.9269452459)
(0.15 0 -0.9269452459)
(0 0.15 -0.9269452459)
(0.15 0.15 -0.9269452459)
(0 0 -0.9186460721)
(0.15 0 -0.9186460721)
(0 0.15 -0.9186460721)
(0.15 0.15 -0.9186460721)
(0 0 -0.9103703373)
(0.15 0 -0.9103703373)
(0 0.15 -0.9103703373)
(0.15 0.15 -0.9103703373)
(0 0 -0.9021179753)
(0.15 0 -0.9021179753)
(0 0.15 -0.9021179753)
(0.15 0.15 -0.9021179753)
(0 0 -0.89388892)
(0.15 0 -0.89388892)
(0 0.15 -0.89388892)
(0.15 0.15 -0.89388892)
(0 0 -0.8856831056)
(0.15 0 -0.8856831056)
(0 0.15 -0.8856831056)
(0.15 0.15 -0.8856831056)
(0 0 -0.8775004665)
(0.15 0 -0.8775004665)
(0 0.15 -0.8775004665)
(0.15 0.15 -0.8775004665)
(0 0 -0.8693409372)
(0.15 0 -0.8693409372)
(0 0.15 -0.8693409372)
(0.15 0.15 -0.8693409372)
(0 0 -0.8612044524)
(0.15 0 -0.8612044524)
(0 0.15 -0.8612044524)
(0.15 0.15 -0.8612044524)
(0 0 -0.8530909471)
(0.15 0 -0.8530909471)
(0 0.15 -0.8530909471)
(0.15 0.15 -0.8530909471)
(0 0 -0.8450003564)
(0.15 0 -0.8450003564)
(0 0.15 -0.8450003564)
(0.15 0.15 -0.8450003564)
(0 0 -0.8369326155)
(0.15 0 -0.8369326155)
(0 0.15 -0.8369326155)
(0.15 0.15 -0.8369326155)
(0 0 -0.82888766)
(0.15 0 -0.82888766)
(0 0.15 -0.82888766)
(0.15 0.15 -0.82888766)
(0 0 -0.8208654254)
(0.15 0 -0.8208654254)
(0 0.15 -0.8208654254)
(0.15 0.15 -0.8208654254)
(0 0 -0.8128658476)
(0.15 0 -0.8128658476)
(0 0.15 -0.8128658476)
(0.15 0.15 -0.8128658476)
(0 0 -0.8048888626)
(0.15 0 -0.8048888626)
(0 0.15 -0.8048888626)
(0.15 0.15 -0.8048888626)
(0 0 -0.7969344067)
(0.15 0 -0.7969344067)
(0 0.15 -0.7969344067)
(0.15 0.15 -0.7969344067)
(0 0 -0.7890024161)
(0.15 0 -0.7890024161)
(0 0.15 -0.7890024161)
(0.15 0.15 -0.7890024161)
(0 0 -0.7810928274)
(0.15 0 -0.7810928274)
(0 0.15 -0.7810928274)
(0.15 0.15 -0.7810928274)
(0 0 -0.7732055774)
(0.15 0 -0.7732055774)
(0 0.15 -0.7732055774)
(0.15 0.15 -0.7732055774)
(0 0 -0.7653406029)
(0.15 0 -0.7653406029)
(0 0.15 -0.7653406029)
(0.15 0.15 -0.7653406029)
(0 0 -0.7574978411)
(0.15 0 -0.7574978411)
(0 0.15 -0.7574978411)
(0.15 0.15 -0.7574978411)
(0 0 -0.7496772292)
(0.15 0 -0.7496772292)
(0 0.15 -0.7496772292)
(0.15 0.15 -0.7496772292)
(0 0 -0.7418787047)
(0.15 0 -0.7418787047)
(0 0.15 -0.7418787047)
(0.15 0.15 -0.7418787047)
(0 0 -0.7341022052)
(0.15 0 -0.7341022052)
(0 0.15 -0.7341022052)
(0.15 0.15 -0.7341022052)
(0 0 -0.7263476684)
(0.15 0 -0.7263476684)
(0 0.15 -0.7263476684)
(0.15 0.15 -0.7263476684)
(0 0 -0.7186150324)
(0.15 0 -0.7186150324)
(0 0.15 -0.7186150324)
(0.15 0.15 -0.7186150324)
(0 0 -0.7109042353)
(0.15 0 -0.7109042353)
(0 0.15 -0.7109042353)
(0.15 0.15 -0.7109042353)
(0 0 -0.7032152154)
(0.15 0 -0.7032152154)
(0 0.15 -0.7032152154)
(0.15 0.15 -0.7032152154)
(0 0 -0.6955479113)
(0.15 0 -0.6955479113)
(0 0.15 -0.6955479113)
(0.15 0.15 -0.6955479113)
(0 0 -0.6879022615)
(0.15 0 -0.6879022615)
(0 0.15 -0.6879022615)
(0.15 0.15 -0.6879022615)
(0 0 -0.6802782049)
(0.15 0 -0.6802782049)
(0 0.15 -0.6802782049)
(0.15 0.15 -0.6802782049)
(0 0 -0.6726756806)
(0.15 0 -0.6726756806)
(0 0.15 -0.6726756806)
(0.15 0.15 -0.6726756806)
(0 0 -0.6650946277)
(0.15 0 -0.6650946277)
(0 0.15 -0.6650946277)
(0.15 0.15 -0.6650946277)
(0 0 -0.6575349857)
(0.15 0 -0.6575349857)
(0 0.15 -0.6575349857)
(0.15 0.15 -0.6575349857)
(0 0 -0.6499966939)
(0.15 0 -0.6499966939)
(0 0.15 -0.6499966939)
(0.15 0.15 -0.6499966939)
(0 0 -0.6424796921)
(0.15 0 -0.6424796921)
(0 0.15 -0.6424796921)
(0.15 0.15 -0.6424796921)
(0 0 -0.6349839203)
(0.15 0 -0.6349839203)
(0 0.15 -0.6349839203)
(0.15 0.15 -0.6349839203)
(0 0 -0.6275093183)
(0.15 0 -0.6275093183)
(0 0.15 -0.6275093183)
(0.15 0.15 -0.6275093183)
(0 0 -0.6200558266)
(0.15 0 -0.6200558266)
(0 0.15 -0.6200558266)
(0.15 0.15 -0.6200558266)
(0 0 -0.6126233853)
(0.15 0 -0.6126233853)
(0 0.15 -0.6126233853)
(0.15 0.15 -0.6126233853)
(0 0 -0.6052119351)
(0.15 0 -0.6052119351)
(0 0.15 -0.6052119351)
(0.15 0.15 -0.6052119351)
(0 0 -0.5978214167)
(0.15 0 -0.5978214167)
(0 0.15 -0.5978214167)
(0.15 0.15 -0.5978214167)
(0 0 -0.590451771)
(0.15 0 -0.590451771)
(0 0.15 -0.590451771)
(0.15 0.15 -0.590451771)
(0 0 -0.583102939)
(0.15 0 -0.583102939)
(0 0.15 -0.583102939)
(0.15 0.15 -0.583102939)
(0 0 -0.575774862)
(0.15 0 -0.575774862)
(0 0.15 -0.575774862)
(0.15 0.15 -0.575774862)
(0 0 -0.5684674812)
(0.15 0 -0.5684674812)
(0 0.15 -0.5684674812)
(0.15 0.15 -0.5684674812)
(0 0 -0.5611807384)
(0.15 0 -0.5611807384)
(0 0.15 -0.5611807384)
(0.15 0.15 -0.5611807384)
(0 0 -0.5539145751)
(0.15 0 -0.5539145751)
(0 0.15 -0.5539145751)
(0.15 0.15 -0.5539145751)
(0 0 -0.5466689333)
(0.15 0 -0.5466689333)
(0 0.15 -0.5466689333)
(0.15 0.15 -0.5466689333)
(0 0 -0.5394437549)
(0.15 0 -0.5394437549)
(0 0.15 -0.5394437549)
(0.15 0.15 -0.5394437549)
(0 0 -0.5322389823)
(0.15 0 -0.5322389823)
(0 0.15 -0.5322389823)
(0.15 0.15 -0.5322389823)
(0 0 -0.5250545578)
(0.15 0 -0.5250545578)
(0 0.15 -0.5250545578)
(0.15 0.15 -0.5250545578)
(0 0 -0.5178904239)
(0.15 0 -0.5178904239)
(0 0.15 -0.5178904239)
(0.15 0.15 -0.5178904239)
(0 0 -0.5107465233)
(0.15 0 -0.5107465233)
(0 0.15 -0.5107465233)
(0.15 0.15 -0.5107465233)
(0 0 -0.5036227989)
(0.15 0 -0.5036227989)
(0 0.15 -0.5036227989)
(0.15 0.15 -0.5036227989)
(0 0 -0.4965191936)
(0.15 0 -0.4965191936)
(0 0.15 -0.4965191936)
(0.15 0.15 -0.4965191936)
(0 0 -0.4894356507)
(0.15 0 -0.4894356507)
(0 0.15 -0.4894356507)
(0.15 0.15 -0.4894356507)
(0 0 -0.4823721135)
(0.15 0 -0.4823721135)
(0 0.15 -0.4823721135)
(0.15 0.15 -0.4823721135)
(0 0 -0.4753285255)
(0.15 0 -0.4753285255)
(0 0.15 -0.4753285255)
(0.15 0.15 -0.4753285255)
(0 0 -0.4683048303)
(0.15 0 -0.4683048303)
(0 0.15 -0.4683048303)
(0.15 0.15 -0.4683048303)
(0 0 -0.4613009718)
(0.15 0 -0.4613009718)
(0 0.15 -0.4613009718)
(0.15 0.15 -0.4613009718)
(0 0 -0.454316894)
(0.15 0 -0.454316894)
(0 0.15 -0.454316894)
(0.15 0.15 -0.454316894)
(0 0 -0.4473525409)
(0.15 0 -0.4473525409)
(0 0.15 -0.4473525409)
(0.15 0.15 -0.4473525409)
(0 0 -0.4404078569)
(0.15 0 -0.4404078569)
(0 0.15 -0.4404078569)
(0.15 0.15 -0.4404078569)
(0 0 -0.4334827865)
(0.15 0 -0.4334827865)
(0 0.15 -0.4334827865)
(0.15 0.15 -0.4334827865)
(0 0 -0.4265772741)
(0.15 0 -0.4265772741)
(0 0.15 -0.4265772741)
(0.15 0.15 -0.4265772741)
(0 0 -0.4196912647)
(0.15 0 -0.4196912647)
(0 0.15 -0.4196912647)
(0.15 0.15 -0.4196912647)
(0 0 -0.4128247031)
(0.15 0 -0.4128247031)
(0 0.15 -0.4128247031)
(0.15 0.15 -0.4128247031)
(0 0 -0.4059775344)
(0.15 0 -0.4059775344)
(0 0.15 -0.4059775344)
(0.15 0.15 -0.4059775344)
(0 0 -0.3991497037)
(0.15 0 -0.3991497037)
(0 0.15 -0.3991497037)
(0.15 0.15 -0.3991497037)
(0 0 -0.3923411566)
(0.15 0 -0.3923411566)
(0 0.15 -0.3923411566)
(0.15 0.15 -0.3923411566)
(0 0 -0.3855518386)
(0.15 0 -0.3855518386)
(0 0.15 -0.3855518386)
(0.15 0.15 -0.3855518386)
(0 0 -0.3787816952)
(0.15 0 -0.3787816952)
(0 0.15 -0.3787816952)
(0.15 0.15 -0.3787816952)
(0 0 -0.3720306725)
(0.15 0 -0.3720306725)
(0 0.15 -0.3720306725)
(0.15 0.15 -0.3720306725)
(0 0 -0.3652987163)
(0.15 0 -0.3652987163)
(0 0.15 -0.3652987163)
(0.15 0.15 -0.3652987163)
(0 0 -0.3585857728)
(0.15 0 -0.3585857728)
(0 0.15 -0.3585857728)
(0.15 0.15 -0.3585857728)
(0 0 -0.3518917884)
(0.15 0 -0.3518917884)
(0 0.15 -0.3518917884)
(0.15 0.15 -0.3518917884)
(0 0 -0.3452167094)
(0.15 0 -0.3452167094)
(0 0.15 -0.3452167094)
(0.15 0.15 -0.3452167094)
(0 0 -0.3385604826)
(0.15 0 -0.3385604826)
(0 0.15 -0.3385604826)
(0.15 0.15 -0.3385604826)
(0 0 -0.3319230546)
(0.15 0 -0.3319230546)
(0 0.15 -0.3319230546)
(0.15 0.15 -0.3319230546)
(0 0 -0.3253043723)
(0.15 0 -0.3253043723)
(0 0.15 -0.3253043723)
(0.15 0.15 -0.3253043723)
(0 0 -0.3187043829)
(0.15 0 -0.3187043829)
(0 0.15 -0.3187043829)
(0.15 0.15 -0.3187043829)
(0 0 -0.3121230335)
(0.15 0 -0.3121230335)
(0 0.15 -0.3121230335)
(0.15 0.15 -0.3121230335)
(0 0 -0.3055602715)
(0.15 0 -0.3055602715)
(0 0.15 -0.3055602715)
(0.15 0.15 -0.3055602715)
(0 0 -0.2990160443)
(0.15 0 -0.2990160443)
(0 0.15 -0.2990160443)
(0.15 0.15 -0.2990160443)
(0 0 -0.2924902997)
(0.15 0 -0.2924902997)
(0 0.15 -0.2924902997)
(0.15 0.15 -0.2924902997)
(0 0 -0.2859829854)
(0.15 0 -0.2859829854)
(0 0.15 -0.2859829854)
(0.15 0.15 -0.2859829854)
(0 0 -0.2794940494)
(0.15 0 -0.2794940494)
(0 0.15 -0.2794940494)
(0.15 0.15 -0.2794940494)
(0 0 -0.2730234398)
(0.15 0 -0.2730234398)
(0 0.15 -0.2730234398)
(0.15 0.15 -0.2730234398)
(0 0 -0.2665711048)
(0.15 0 -0.2665711048)
(0 0.15 -0.2665711048)
(0.15 0.15 -0.2665711048)
(0 0 -0.2601369928)
(0.15 0 -0.2601369928)
(0 0.15 -0.2601369928)
(0.15 0.15 -0.2601369928)
(0 0 -0.2537210524)
(0.15 0 -0.2537210524)
(0 0.15 -0.2537210524)
(0.15 0.15 -0.2537210524)
(0 0 -0.2473232321)
(0.15 0 -0.2473232321)
(0 0.15 -0.2473232321)
(0.15 0.15 -0.2473232321)
(0 0 -0.2409434809)
(0.15 0 -0.2409434809)
(0 0.15 -0.2409434809)
(0.15 0.15 -0.2409434809)
(0 0 -0.2345817478)
(0.15 0 -0.2345817478)
(0 0.15 -0.2345817478)
(0.15 0.15 -0.2345817478)
(0 0 -0.2282379817)
(0.15 0 -0.2282379817)
(0 0.15 -0.2282379817)
(0.15 0.15 -0.2282379817)
(0 0 -0.2219121321)
(0.15 0 -0.2219121321)
(0 0.15 -0.2219121321)
(0.15 0.15 -0.2219121321)
(0 0 -0.2156041482)
(0.15 0 -0.2156041482)
(0 0.15 -0.2156041482)
(0.15 0.15 -0.2156041482)
(0 0 -0.2093139796)
(0.15 0 -0.2093139796)
(0 0.15 -0.2093139796)
(0.15 0.15 -0.2093139796)
(0 0 -0.2030415761)
(0.15 0 -0.2030415761)
(0 0.15 -0.2030415761)
(0.15 0.15 -0.2030415761)
(0 0 -0.1967868874)
(0.15 0 -0.1967868874)
(0 0.15 -0.1967868874)
(0.15 0.15 -0.1967868874)
(0 0 -0.1905498634)
(0.15 0 -0.1905498634)
(0 0.15 -0.1905498634)
(0.15 0.15 -0.1905498634)
(0 0 -0.1843304544)
(0.15 0 -0.1843304544)
(0 0.15 -0.1843304544)
(0.15 0.15 -0.1843304544)
(0 0 -0.1781286106)
(0.15 0 -0.1781286106)
(0 0.15 -0.1781286106)
(0.15 0.15 -0.1781286106)
(0 0 -0.1719442824)
(0.15 0 -0.1719442824)
(0 0.15 -0.1719442824)
(0.15 0.15 -0.1719442824)
(0 0 -0.1657774202)
(0.15 0 -0.1657774202)
(0 0.15 -0.1657774202)
(0.15 0.15 -0.1657774202)
(0 0 -0.1596279748)
(0.15 0 -0.1596279748)
(0 0.15 -0.1596279748)
(0.15 0.15 -0.1596279748)
(0 0 -0.1534958969)
(0.15 0 -0.1534958969)
(0 0.15 -0.1534958969)
(0.15 0.15 -0.1534958969)
(0 0 -0.1473811376)
(0.15 0 -0.1473811376)
(0 0.15 -0.1473811376)
(0.15 0.15 -0.1473811376)
(0 0 -0.1412836479)
(0.15 0 -0.1412836479)
(0 0.15 -0.1412836479)
(0.15 0.15 -0.1412836479)
(0 0 -0.135203379)
(0.15 0 -0.135203379)
(0 0.15 -0.135203379)
(0.15 0.15 -0.135203379)
(0 0 -0.1291402823)
(0.15 0 -0.1291402823)
(0 0.15 -0.1291402823)
(0.15 0.15 -0.1291402823)
(0 0 -0.1230943093)
(0.15 0 -0.1230943093)
(0 0.15 -0.1230943093)
(0.15 0.15 -0.1230943093)
(0 0 -0.1170654117)
(0.15 0 -0.1170654117)
(0 0.15 -0.1170654117)
(0.15 0.15 -0.1170654117)
(0 0 -0.1110535412)
(0.15 0 -0.1110535412)
(0 0.15 -0.1110535412)
(0.15 0.15 -0.1110535412)
(0 0 -0.1050586497)
(0.15 0 -0.1050586497)
(0 0.15 -0.1050586497)
(0.15 0.15 -0.1050586497)
(0 0 -0.09908068925)
(0.15 0 -0.09908068925)
(0 0.15 -0.09908068925)
(0.15 0.15 -0.09908068925)
(0 0 -0.09311961208)
(0.15 0 -0.09311961208)
(0 0.15 -0.09311961208)
(0.15 0.15 -0.09311961208)
(0 0 -0.08717537048)
(0.15 0 -0.08717537048)
(0 0.15 -0.08717537048)
(0.15 0.15 -0.08717537048)
(0 0 -0.08124791691)
(0.15 0 -0.08124791691)
(0 0.15 -0.08124791691)
(0.15 0.15 -0.08124791691)
(0 0 -0.07533720395)
(0.15 0 -0.07533720395)
(0 0.15 -0.07533720395)
(0.15 0.15 -0.07533720395)
(0 0 -0.06944318433)
(0.15 0 -0.06944318433)
(0 0.15 -0.06944318433)
(0.15 0.15 -0.06944318433)
(0 0 -0.06356581088)
(0.15 0 -0.06356581088)
(0 0.15 -0.06356581088)
(0.15 0.15 -0.06356581088)
(0 0 -0.05770503661)
(0.15 0 -0.05770503661)
(0 0.15 -0.05770503661)
(0.15 0.15 -0.05770503661)
(0 0 -0.05186081464)
(0.15 0 -0.05186081464)
(0 0.15 -0.05186081464)
(0.15 0.15 -0.05186081464)
(0 0 -0.0460330982)
(0.15 0 -0.0460330982)
(0 0.15 -0.0460330982)
(0.15 0.15 -0.0460330982)
(0 0 -0.0402218407)
(0.15 0 -0.0402218407)
(0 0.15 -0.0402218407)
(0.15 0.15 -0.0402218407)
(0 0 -0.03442699564)
(0.15 0 -0.03442699564)
(0 0.15 -0.03442699564)
(0.15 0.15 -0.03442699564)
(0 0 -0.02864851667)
(0.15 0 -0.02864851667)
(0 0.15 -0.02864851667)
(0.15 0.15 -0.02864851667)
(0 0 -0.02288635757)
(0.15 0 -0.02288635757)
(0 0.15 -0.02288635757)
(0.15 0.15 -0.02288635757)
(0 0 -0.01714047225)
(0.15 0 -0.01714047225)
(0 0.15 -0.01714047225)
(0.15 0.15 -0.01714047225)
(0 0 -0.01141081475)
(0.15 0 -0.01141081475)
(0 0.15 -0.01141081475)
(0.15 0.15 -0.01141081475)
(0 0 -0.005697339233)
(0.15 0 -0.005697339233)
(0 0.15 -0.005697339233)
(0.15 0.15 -0.005697339233)
(0 0 0)
(0.15 0 0)
(0 0.15 0)
(0.15 0.15 0)
(0 0 -2.58)
(0.15 0 -2.58)
(0 0.15 -2.58)
(0.15 0.15 -2.58)
(0 0 -2.57)
(0.15 0 -2.57)
(0 0.15 -2.57)
(0.15 0.15 -2.57)
(0 0 -2.56)
(0.15 0 -2.56)
(0 0.15 -2.56)
(0.15 0.15 -2.56)
(0 0 -2.55)
(0.15 0 -2.55)
(0 0.15 -2.55)
(0.15 0.15 -2.55)
(0 0 -2.54)
(0.15 0 -2.54)
(0 0.15 -2.54)
(0.15 0.15 -2.54)
(0 0 -2.53)
(0.15 0 -2.53)
(0 0.15 -2.53)
(0.15 0.15 -2.53)
(0 0 -2.52)
(0.15 0 -2.52)
(0 0.15 -2.52)
(0.15 0.15 -2.52)
(0 0 -2.51)
(0.15 0 -2.51)
(0 0.15 -2.51)
(0.15 0.15 -2.51)
(0 0 -2.5)
(0.15 0 -2.5)
(0 0.15 -2.5)
(0.15 0.15 -2.5)
(0 0 -2.49)
(0.15 0 -2.49)
(0 0.15 -2.49)
(0.15 0.15 -2.49)
(0 0 -2.48)
(0.15 0 -2.48)
(0 0.15 -2.48)
(0.15 0.15 -2.48)
(0 0 -2.47)
(0.15 0 -2.47)
(0 0.15 -2.47)
(0.15 0.15 -2.47)
(0 0 -2.46)
(0.15 0 -2.46)
(0 0.15 -2.46)
(0.15 0.15 -2.46)
(0 0 -2.45)
(0.15 0 -2.45)
(0 0.15 -2.45)
(0.15 0.15 -2.45)
(0 0 -2.44)
(0.15 0 -2.44)
(0 0.15 -2.44)
(0.15 0.15 -2.44)
(0 0 -2.43)
(0.15 0 -2.43)
(0 0.15 -2.43)
(0.15 0.15 -2.43)
(0 0 -2.42)
(0.15 0 -2.42)
(0 0.15 -2.42)
(0.15 0.15 -2.42)
(0 0 -2.41)
(0.15 0 -2.41)
(0 0.15 -2.41)
(0.15 0.15 -2.41)
(0 0 -2.4)
(0.15 0 -2.4)
(0 0.15 -2.4)
(0.15 0.15 -2.4)
(0 0 -2.39)
(0.15 0 -2.39)
(0 0.15 -2.39)
(0.15 0.15 -2.39)
(0 0 -2.38)
(0.15 0 -2.38)
(0 0.15 -2.38)
(0.15 0.15 -2.38)
(0 0 -2.37)
(0.15 0 -2.37)
(0 0.15 -2.37)
(0.15 0.15 -2.37)
(0 0 -2.36)
(0.15 0 -2.36)
(0 0.15 -2.36)
(0.15 0.15 -2.36)
(0 0 -2.35)
(0.15 0 -2.35)
(0 0.15 -2.35)
(0.15 0.15 -2.35)
(0 0 -2.34)
(0.15 0 -2.34)
(0 0.15 -2.34)
(0.15 0.15 -2.34)
(0 0 -2.33)
(0.15 0 -2.33)
(0 0.15 -2.33)
(0.15 0.15 -2.33)
(0 0 -2.32)
(0.15 0 -2.32)
(0 0.15 -2.32)
(0.15 0.15 -2.32)
(0 0 -2.31)
(0.15 0 -2.31)
(0 0.15 -2.31)
(0.15 0.15 -2.31)
(0 0 -2.3)
(0.15 0 -2.3)
(0 0.15 -2.3)
(0.15 0.15 -2.3)
(0 0 -2.29)
(0.15 0 -2.29)
(0 0.15 -2.29)
(0.15 0.15 -2.29)
(0 0 -2.28)
(0.15 0 -2.28)
(0 0.15 -2.28)
(0.15 0.15 -2.28)
(0 0 -2.27)
(0.15 0 -2.27)
(0 0.15 -2.27)
(0.15 0.15 -2.27)
(0 0 -2.26)
(0.15 0 -2.26)
(0 0.15 -2.26)
(0.15 0.15 -2.26)
(0 0 -2.25)
(0.15 0 -2.25)
(0 0.15 -2.25)
(0.15 0.15 -2.25)
(0 0 -2.24)
(0.15 0 -2.24)
(0 0.15 -2.24)
(0.15 0.15 -2.24)
(0 0 -2.23)
(0.15 0 -2.23)
(0 0.15 -2.23)
(0.15 0.15 -2.23)
(0 0 -2.22)
(0.15 0 -2.22)
(0 0.15 -2.22)
(0.15 0.15 -2.22)
(0 0 -2.21)
(0.15 0 -2.21)
(0 0.15 -2.21)
(0.15 0.15 -2.21)
(0 0 -2.2)
(0.15 0 -2.2)
(0 0.15 -2.2)
(0.15 0.15 -2.2)
(0 0 -2.19)
(0.15 0 -2.19)
(0 0.15 -2.19)
(0.15 0.15 -2.19)
(0 0 -2.18)
(0.15 0 -2.18)
(0 0.15 -2.18)
(0.15 0.15 -2.18)
(0 0 -2.17)
(0.15 0 -2.17)
(0 0.15 -2.17)
(0.15 0.15 -2.17)
(0 0 -2.16)
(0.15 0 -2.16)
(0 0.15 -2.16)
(0.15 0.15 -2.16)
(0 0 -2.15)
(0.15 0 -2.15)
(0 0.15 -2.15)
(0.15 0.15 -2.15)
(0 0 -2.14)
(0.15 0 -2.14)
(0 0.15 -2.14)
(0.15 0.15 -2.14)
(0 0 -2.13)
(0.15 0 -2.13)
(0 0.15 -2.13)
(0.15 0.15 -2.13)
(0 0 -2.12)
(0.15 0 -2.12)
(0 0.15 -2.12)
(0.15 0.15 -2.12)
(0 0 -2.11)
(0.15 0 -2.11)
(0 0.15 -2.11)
(0.15 0.15 -2.11)
(0 0 -2.1)
(0.15 0 -2.1)
(0 0.15 -2.1)
(0.15 0.15 -2.1)
(0 0 -2.09)
(0.15 0 -2.09)
(0 0.15 -2.09)
(0.15 0.15 -2.09)
(0 0 -2.08)
(0.15 0 -2.08)
(0 0.15 -2.08)
(0.15 0.15 -2.08)
(0 0 -2.07)
(0.15 0 -2.07)
(0 0.15 -2.07)
(0.15 0.15 -2.07)
(0 0 -2.06)
(0.15 0 -2.06)
(0 0.15 -2.06)
(0.15 0.15 -2.06)
(0 0 -2.05)
(0.15 0 -2.05)
(0 0.15 -2.05)
(0.15 0.15 -2.05)
(0 0 -2.04)
(0.15 0 -2.04)
(0 0.15 -2.04)
(0.15 0.15 -2.04)
(0 0 -2.03)
(0.15 0 -2.03)
(0 0.15 -2.03)
(0.15 0.15 -2.03)
(0 0 -2.02)
(0.15 0 -2.02)
(0 0.15 -2.02)
(0.15 0.15 -2.02)
(0 0 -2.01)
(0.15 0 -2.01)
(0 0.15 -2.01)
(0.15 0.15 -2.01)
(0 0 -2)
(0.15 0 -2)
(0 0.15 -2)
(0.15 0.15 -2)
(0 0 -1.99)
(0.15 0 -1.99)
(0 0.15 -1.99)
(0.15 0.15 -1.99)
(0 0 -1.98)
(0.15 0 -1.98)
(0 0.15 -1.98)
(0.15 0.15 -1.98)
(0 0 -1.97)
(0.15 0 -1.97)
(0 0.15 -1.97)
(0.15 0.15 -1.97)
(0 0 -1.96)
(0.15 0 -1.96)
(0 0.15 -1.96)
(0.15 0.15 -1.96)
(0 0 -1.95)
(0.15 0 -1.95)
(0 0.15 -1.95)
(0.15 0.15 -1.95)
(0 0 -1.94)
(0.15 0 -1.94)
(0 0.15 -1.94)
(0.15 0.15 -1.94)
(0 0 -1.93)
(0.15 0 -1.93)
(0 0.15 -1.93)
(0.15 0.15 -1.93)
(0 0 -1.92)
(0.15 0 -1.92)
(0 0.15 -1.92)
(0.15 0.15 -1.92)
(0 0 -1.91)
(0.15 0 -1.91)
(0 0.15 -1.91)
(0.15 0.15 -1.91)
(0 0 -1.9)
(0.15 0 -1.9)
(0 0.15 -1.9)
(0.15 0.15 -1.9)
(0 0 -1.89)
(0.15 0 -1.89)
(0 0.15 -1.89)
(0.15 0.15 -1.89)
(0 0 -1.88)
(0.15 0 -1.88)
(0 0.15 -1.88)
(0.15 0.15 -1.88)
(0 0 -1.87)
(0.15 0 -1.87)
(0 0.15 -1.87)
(0.15 0.15 -1.87)
(0 0 -1.86)
(0.15 0 -1.86)
(0 0.15 -1.86)
(0.15 0.15 -1.86)
(0 0 -1.85)
(0.15 0 -1.85)
(0 0.15 -1.85)
(0.15 0.15 -1.85)
(0 0 -1.84)
(0.15 0 -1.84)
(0 0.15 -1.84)
(0.15 0.15 -1.84)
(0 0 -1.83)
(0.15 0 -1.83)
(0 0.15 -1.83)
(0.15 0.15 -1.83)
(0 0 -1.82)
(0.15 0 -1.82)
(0 0.15 -1.82)
(0.15 0.15 -1.82)
(0 0 -1.81)
(0.15 0 -1.81)
(0 0.15 -1.81)
(0.15 0.15 -1.81)
(0 0 -1.8)
(0.15 0 -1.8)
(0 0.15 -1.8)
(0.15 0.15 -1.8)
(0 0 -1.79)
(0.15 0 -1.79)
(0 0.15 -1.79)
(0.15 0.15 -1.79)
(0 0 -1.78)
(0.15 0 -1.78)
(0 0.15 -1.78)
(0.15 0.15 -1.78)
(0 0 -1.77)
(0.15 0 -1.77)
(0 0.15 -1.77)
(0.15 0.15 -1.77)
(0 0 -1.76)
(0.15 0 -1.76)
(0 0.15 -1.76)
(0.15 0.15 -1.76)
(0 0 -1.75)
(0.15 0 -1.75)
(0 0.15 -1.75)
(0.15 0.15 -1.75)
(0 0 -1.74)
(0.15 0 -1.74)
(0 0.15 -1.74)
(0.15 0.15 -1.74)
(0 0 -1.73)
(0.15 0 -1.73)
(0 0.15 -1.73)
(0.15 0.15 -1.73)
(0 0 -1.72)
(0.15 0 -1.72)
(0 0.15 -1.72)
(0.15 0.15 -1.72)
(0 0 -1.71)
(0.15 0 -1.71)
(0 0.15 -1.71)
(0.15 0.15 -1.71)
(0 0 -1.7)
(0.15 0 -1.7)
(0 0.15 -1.7)
(0.15 0.15 -1.7)
(0 0 -1.69)
(0.15 0 -1.69)
(0 0.15 -1.69)
(0.15 0.15 -1.69)
(0 0 -1.68)
(0.15 0 -1.68)
(0 0.15 -1.68)
(0.15 0.15 -1.68)
(0 0 -1.67)
(0.15 0 -1.67)
(0 0.15 -1.67)
(0.15 0.15 -1.67)
(0 0 -1.66)
(0.15 0 -1.66)
(0 0.15 -1.66)
(0.15 0.15 -1.66)
(0 0 -1.65)
(0.15 0 -1.65)
(0 0.15 -1.65)
(0.15 0.15 -1.65)
(0 0 -1.64)
(0.15 0 -1.64)
(0 0.15 -1.64)
(0.15 0.15 -1.64)
(0 0 -1.63)
(0.15 0 -1.63)
(0 0.15 -1.63)
(0.15 0.15 -1.63)
(0 0 -1.62)
(0.15 0 -1.62)
(0 0.15 -1.62)
(0.15 0.15 -1.62)
(0 0 -1.61)
(0.15 0 -1.61)
(0 0.15 -1.61)
(0.15 0.15 -1.61)
(0 0 -1.6)
(0.15 0 -1.6)
(0 0.15 -1.6)
(0.15 0.15 -1.6)
(0 0 -1.59)
(0.15 0 -1.59)
(0 0.15 -1.59)
(0.15 0.15 -1.59)
(0 0 -1.58)
(0.15 0 -1.58)
(0 0.15 -1.58)
(0.15 0.15 -1.58)
(0 0 -1.57)
(0.15 0 -1.57)
(0 0.15 -1.57)
(0.15 0.15 -1.57)
(0 0 -1.56)
(0.15 0 -1.56)
(0 0.15 -1.56)
(0.15 0.15 -1.56)
(0 0 -1.55)
(0.15 0 -1.55)
(0 0.15 -1.55)
(0.15 0.15 -1.55)
(0 0 -1.54)
(0.15 0 -1.54)
(0 0.15 -1.54)
(0.15 0.15 -1.54)
(0 0 -3.52)
(0.15 0 -3.52)
(0 0.15 -3.52)
(0.15 0.15 -3.52)
(0 0 -3.51)
(0.15 0 -3.51)
(0 0.15 -3.51)
(0.15 0.15 -3.51)
(0 0 -3.5)
(0.15 0 -3.5)
(0 0.15 -3.5)
(0.15 0.15 -3.5)
(0 0 -3.49)
(0.15 0 -3.49)
(0 0.15 -3.49)
(0.15 0.15 -3.49)
(0 0 -3.48)
(0.15 0 -3.48)
(0 0.15 -3.48)
(0.15 0.15 -3.48)
(0 0 -3.47)
(0.15 0 -3.47)
(0 0.15 -3.47)
(0.15 0.15 -3.47)
(0 0 -3.46)
(0.15 0 -3.46)
(0 0.15 -3.46)
(0.15 0.15 -3.46)
(0 0 -3.45)
(0.15 0 -3.45)
(0 0.15 -3.45)
(0.15 0.15 -3.45)
(0 0 -3.44)
(0.15 0 -3.44)
(0 0.15 -3.44)
(0.15 0.15 -3.44)
(0 0 -3.43)
(0.15 0 -3.43)
(0 0.15 -3.43)
(0.15 0.15 -3.43)
(0 0 -3.42)
(0.15 0 -3.42)
(0 0.15 -3.42)
(0.15 0.15 -3.42)
(0 0 -3.41)
(0.15 0 -3.41)
(0 0.15 -3.41)
(0.15 0.15 -3.41)
(0 0 -3.4)
(0.15 0 -3.4)
(0 0.15 -3.4)
(0.15 0.15 -3.4)
(0 0 -3.39)
(0.15 0 -3.39)
(0 0.15 -3.39)
(0.15 0.15 -3.39)
(0 0 -3.38)
(0.15 0 -3.38)
(0 0.15 -3.38)
(0.15 0.15 -3.38)
(0 0 -3.37)
(0.15 0 -3.37)
(0 0.15 -3.37)
(0.15 0.15 -3.37)
(0 0 -3.36)
(0.15 0 -3.36)
(0 0.15 -3.36)
(0.15 0.15 -3.36)
(0 0 -3.35)
(0.15 0 -3.35)
(0 0.15 -3.35)
(0.15 0.15 -3.35)
(0 0 -3.34)
(0.15 0 -3.34)
(0 0.15 -3.34)
(0.15 0.15 -3.34)
(0 0 -3.33)
(0.15 0 -3.33)
(0 0.15 -3.33)
(0.15 0.15 -3.33)
(0 0 -3.32)
(0.15 0 -3.32)
(0 0.15 -3.32)
(0.15 0.15 -3.32)
(0 0 -3.31)
(0.15 0 -3.31)
(0 0.15 -3.31)
(0.15 0.15 -3.31)
(0 0 -3.3)
(0.15 0 -3.3)
(0 0.15 -3.3)
(0.15 0.15 -3.3)
(0 0 -3.29)
(0.15 0 -3.29)
(0 0.15 -3.29)
(0.15 0.15 -3.29)
(0 0 -3.28)
(0.15 0 -3.28)
(0 0.15 -3.28)
(0.15 0.15 -3.28)
(0 0 -3.27)
(0.15 0 -3.27)
(0 0.15 -3.27)
(0.15 0.15 -3.27)
(0 0 -3.26)
(0.15 0 -3.26)
(0 0.15 -3.26)
(0.15 0.15 -3.26)
(0 0 -3.25)
(0.15 0 -3.25)
(0 0.15 -3.25)
(0.15 0.15 -3.25)
(0 0 -3.24)
(0.15 0 -3.24)
(0 0.15 -3.24)
(0.15 0.15 -3.24)
(0 0 -3.23)
(0.15 0 -3.23)
(0 0.15 -3.23)
(0.15 0.15 -3.23)
(0 0 -3.22)
(0.15 0 -3.22)
(0 0.15 -3.22)
(0.15 0.15 -3.22)
(0 0 -3.21)
(0.15 0 -3.21)
(0 0.15 -3.21)
(0.15 0.15 -3.21)
(0 0 -3.2)
(0.15 0 -3.2)
(0 0.15 -3.2)
(0.15 0.15 -3.2)
(0 0 -3.19)
(0.15 0 -3.19)
(0 0.15 -3.19)
(0.15 0.15 -3.19)
(0 0 -3.18)
(0.15 0 -3.18)
(0 0.15 -3.18)
(0.15 0.15 -3.18)
(0 0 -3.17)
(0.15 0 -3.17)
(0 0.15 -3.17)
(0.15 0.15 -3.17)
(0 0 -3.16)
(0.15 0 -3.16)
(0 0.15 -3.16)
(0.15 0.15 -3.16)
(0 0 -3.15)
(0.15 0 -3.15)
(0 0.15 -3.15)
(0.15 0.15 -3.15)
(0 0 -3.14)
(0.15 0 -3.14)
(0 0.15 -3.14)
(0.15 0.15 -3.14)
(0 0 -3.13)
(0.15 0 -3.13)
(0 0.15 -3.13)
(0.15 0.15 -3.13)
(0 0 -3.12)
(0.15 0 -3.12)
(0 0.15 -3.12)
(0.15 0.15 -3.12)
(0 0 -3.11)
(0.15 0 -3.11)
(0 0.15 -3.11)
(0.15 0.15 -3.11)
(0 0 -3.1)
(0.15 0 -3.1)
(0 0.15 -3.1)
(0.15 0.15 -3.1)
(0 0 -3.09)
(0.15 0 -3.09)
(0 0.15 -3.09)
(0.15 0.15 -3.09)
(0 0 -3.08)
(0.15 0 -3.08)
(0 0.15 -3.08)
(0.15 0.15 -3.08)
(0 0 -3.07)
(0.15 0 -3.07)
(0 0.15 -3.07)
(0.15 0.15 -3.07)
(0 0 -3.06)
(0.15 0 -3.06)
(0 0.15 -3.06)
(0.15 0.15 -3.06)
(0 0 -3.05)
(0.15 0 -3.05)
(0 0.15 -3.05)
(0.15 0.15 -3.05)
(0 0 -3.04)
(0.15 0 -3.04)
(0 0.15 -3.04)
(0.15 0.15 -3.04)
(0 0 -3.03)
(0.15 0 -3.03)
(0 0.15 -3.03)
(0.15 0.15 -3.03)
(0 0 -3.02)
(0.15 0 -3.02)
(0 0.15 -3.02)
(0.15 0.15 -3.02)
(0 0 -3.01)
(0.15 0 -3.01)
(0 0.15 -3.01)
(0.15 0.15 -3.01)
(0 0 -3)
(0.15 0 -3)
(0 0.15 -3)
(0.15 0.15 -3)
(0 0 -2.99)
(0.15 0 -2.99)
(0 0.15 -2.99)
(0.15 0.15 -2.99)
(0 0 -2.98)
(0.15 0 -2.98)
(0 0.15 -2.98)
(0.15 0.15 -2.98)
(0 0 -2.97)
(0.15 0 -2.97)
(0 0.15 -2.97)
(0.15 0.15 -2.97)
(0 0 -2.96)
(0.15 0 -2.96)
(0 0.15 -2.96)
(0.15 0.15 -2.96)
(0 0 -2.95)
(0.15 0 -2.95)
(0 0.15 -2.95)
(0.15 0.15 -2.95)
(0 0 -2.94)
(0.15 0 -2.94)
(0 0.15 -2.94)
(0.15 0.15 -2.94)
(0 0 -2.93)
(0.15 0 -2.93)
(0 0.15 -2.93)
(0.15 0.15 -2.93)
(0 0 -2.92)
(0.15 0 -2.92)
(0 0.15 -2.92)
(0.15 0.15 -2.92)
(0 0 -2.91)
(0.15 0 -2.91)
(0 0.15 -2.91)
(0.15 0.15 -2.91)
(0 0 -2.9)
(0.15 0 -2.9)
(0 0.15 -2.9)
(0.15 0.15 -2.9)
(0 0 -2.89)
(0.15 0 -2.89)
(0 0.15 -2.89)
(0.15 0.15 -2.89)
(0 0 -2.88)
(0.15 0 -2.88)
(0 0.15 -2.88)
(0.15 0.15 -2.88)
(0 0 -2.87)
(0.15 0 -2.87)
(0 0.15 -2.87)
(0.15 0.15 -2.87)
(0 0 -2.86)
(0.15 0 -2.86)
(0 0.15 -2.86)
(0.15 0.15 -2.86)
(0 0 -2.85)
(0.15 0 -2.85)
(0 0.15 -2.85)
(0.15 0.15 -2.85)
(0 0 -2.84)
(0.15 0 -2.84)
(0 0.15 -2.84)
(0.15 0.15 -2.84)
(0 0 -2.83)
(0.15 0 -2.83)
(0 0.15 -2.83)
(0.15 0.15 -2.83)
(0 0 -2.82)
(0.15 0 -2.82)
(0 0.15 -2.82)
(0.15 0.15 -2.82)
(0 0 -2.81)
(0.15 0 -2.81)
(0 0.15 -2.81)
(0.15 0.15 -2.81)
(0 0 -2.8)
(0.15 0 -2.8)
(0 0.15 -2.8)
(0.15 0.15 -2.8)
(0 0 -2.79)
(0.15 0 -2.79)
(0 0.15 -2.79)
(0.15 0.15 -2.79)
(0 0 -2.78)
(0.15 0 -2.78)
(0 0.15 -2.78)
(0.15 0.15 -2.78)
(0 0 -2.77)
(0.15 0 -2.77)
(0 0.15 -2.77)
(0.15 0.15 -2.77)
(0 0 -2.76)
(0.15 0 -2.76)
(0 0.15 -2.76)
(0.15 0.15 -2.76)
(0 0 -2.75)
(0.15 0 -2.75)
(0 0.15 -2.75)
(0.15 0.15 -2.75)
(0 0 -2.74)
(0.15 0 -2.74)
(0 0.15 -2.74)
(0.15 0.15 -2.74)
(0 0 -2.73)
(0.15 0 -2.73)
(0 0.15 -2.73)
(0.15 0.15 -2.73)
(0 0 -2.72)
(0.15 0 -2.72)
(0 0.15 -2.72)
(0.15 0.15 -2.72)
(0 0 -2.71)
(0.15 0 -2.71)
(0 0.15 -2.71)
(0.15 0.15 -2.71)
(0 0 -2.7)
(0.15 0 -2.7)
(0 0.15 -2.7)
(0.15 0.15 -2.7)
(0 0 -2.69)
(0.15 0 -2.69)
(0 0.15 -2.69)
(0.15 0.15 -2.69)
(0 0 -2.68)
(0.15 0 -2.68)
(0 0.15 -2.68)
(0.15 0.15 -2.68)
(0 0 -2.67)
(0.15 0 -2.67)
(0 0.15 -2.67)
(0.15 0.15 -2.67)
(0 0 -2.66)
(0.15 0 -2.66)
(0 0.15 -2.66)
(0.15 0.15 -2.66)
(0 0 -2.65)
(0.15 0 -2.65)
(0 0.15 -2.65)
(0.15 0.15 -2.65)
(0 0 -2.64)
(0.15 0 -2.64)
(0 0.15 -2.64)
(0.15 0.15 -2.64)
(0 0 -2.63)
(0.15 0 -2.63)
(0 0.15 -2.63)
(0.15 0.15 -2.63)
(0 0 -2.62)
(0.15 0 -2.62)
(0 0.15 -2.62)
(0.15 0.15 -2.62)
(0 0 -2.61)
(0.15 0 -2.61)
(0 0.15 -2.61)
(0.15 0.15 -2.61)
(0 0 -2.6)
(0.15 0 -2.6)
(0 0.15 -2.6)
(0.15 0.15 -2.6)
(0 0 -2.59)
(0.15 0 -2.59)
(0 0.15 -2.59)
(0.15 0.15 -2.59)
(0 0 -4.62)
(0.15 0 -4.62)
(0 0.15 -4.62)
(0.15 0.15 -4.62)
(0 0 -4.61)
(0.15 0 -4.61)
(0 0.15 -4.61)
(0.15 0.15 -4.61)
(0 0 -4.6)
(0.15 0 -4.6)
(0 0.15 -4.6)
(0.15 0.15 -4.6)
(0 0 -4.59)
(0.15 0 -4.59)
(0 0.15 -4.59)
(0.15 0.15 -4.59)
(0 0 -4.58)
(0.15 0 -4.58)
(0 0.15 -4.58)
(0.15 0.15 -4.58)
(0 0 -4.57)
(0.15 0 -4.57)
(0 0.15 -4.57)
(0.15 0.15 -4.57)
(0 0 -4.56)
(0.15 0 -4.56)
(0 0.15 -4.56)
(0.15 0.15 -4.56)
(0 0 -4.55)
(0.15 0 -4.55)
(0 0.15 -4.55)
(0.15 0.15 -4.55)
(0 0 -4.54)
(0.15 0 -4.54)
(0 0.15 -4.54)
(0.15 0.15 -4.54)
(0 0 -4.53)
(0.15 0 -4.53)
(0 0.15 -4.53)
(0.15 0.15 -4.53)
(0 0 -4.52)
(0.15 0 -4.52)
(0 0.15 -4.52)
(0.15 0.15 -4.52)
(0 0 -4.51)
(0.15 0 -4.51)
(0 0.15 -4.51)
(0.15 0.15 -4.51)
(0 0 -4.5)
(0.15 0 -4.5)
(0 0.15 -4.5)
(0.15 0.15 -4.5)
(0 0 -4.49)
(0.15 0 -4.49)
(0 0.15 -4.49)
(0.15 0.15 -4.49)
(0 0 -4.48)
(0.15 0 -4.48)
(0 0.15 -4.48)
(0.15 0.15 -4.48)
(0 0 -4.47)
(0.15 0 -4.47)
(0 0.15 -4.47)
(0.15 0.15 -4.47)
(0 0 -4.46)
(0.15 0 -4.46)
(0 0.15 -4.46)
(0.15 0.15 -4.46)
(0 0 -4.45)
(0.15 0 -4.45)
(0 0.15 -4.45)
(0.15 0.15 -4.45)
(0 0 -4.44)
(0.15 0 -4.44)
(0 0.15 -4.44)
(0.15 0.15 -4.44)
(0 0 -4.43)
(0.15 0 -4.43)
(0 0.15 -4.43)
(0.15 0.15 -4.43)
(0 0 -4.42)
(0.15 0 -4.42)
(0 0.15 -4.42)
(0.15 0.15 -4.42)
(0 0 -4.41)
(0.15 0 -4.41)
(0 0.15 -4.41)
(0.15 0.15 -4.41)
(0 0 -4.4)
(0.15 0 -4.4)
(0 0.15 -4.4)
(0.15 0.15 -4.4)
(0 0 -4.39)
(0.15 0 -4.39)
(0 0.15 -4.39)
(0.15 0.15 -4.39)
(0 0 -4.38)
(0.15 0 -4.38)
(0 0.15 -4.38)
(0.15 0.15 -4.38)
(0 0 -4.37)
(0.15 0 -4.37)
(0 0.15 -4.37)
(0.15 0.15 -4.37)
(0 0 -4.36)
(0.15 0 -4.36)
(0 0.15 -4.36)
(0.15 0.15 -4.36)
(0 0 -4.35)
(0.15 0 -4.35)
(0 0.15 -4.35)
(0.15 0.15 -4.35)
(0 0 -4.34)
(0.15 0 -4.34)
(0 0.15 -4.34)
(0.15 0.15 -4.34)
(0 0 -4.33)
(0.15 0 -4.33)
(0 0.15 -4.33)
(0.15 0.15 -4.33)
(0 0 -4.32)
(0.15 0 -4.32)
(0 0.15 -4.32)
(0.15 0.15 -4.32)
(0 0 -4.31)
(0.15 0 -4.31)
(0 0.15 -4.31)
(0.15 0.15 -4.31)
(0 0 -4.3)
(0.15 0 -4.3)
(0 0.15 -4.3)
(0.15 0.15 -4.3)
(0 0 -4.29)
(0.15 0 -4.29)
(0 0.15 -4.29)
(0.15 0.15 -4.29)
(0 0 -4.28)
(0.15 0 -4.28)
(0 0.15 -4.28)
(0.15 0.15 -4.28)
(0 0 -4.27)
(0.15 0 -4.27)
(0 0.15 -4.27)
(0.15 0.15 -4.27)
(0 0 -4.26)
(0.15 0 -4.26)
(0 0.15 -4.26)
(0.15 0.15 -4.26)
(0 0 -4.25)
(0.15 0 -4.25)
(0 0.15 -4.25)
(0.15 0.15 -4.25)
(0 0 -4.24)
(0.15 0 -4.24)
(0 0.15 -4.24)
(0.15 0.15 -4.24)
(0 0 -4.23)
(0.15 0 -4.23)
(0 0.15 -4.23)
(0.15 0.15 -4.23)
(0 0 -4.22)
(0.15 0 -4.22)
(0 0.15 -4.22)
(0.15 0.15 -4.22)
(0 0 -4.21)
(0.15 0 -4.21)
(0 0.15 -4.21)
(0.15 0.15 -4.21)
(0 0 -4.2)
(0.15 0 -4.2)
(0 0.15 -4.2)
(0.15 0.15 -4.2)
(0 0 -4.19)
(0.15 0 -4.19)
(0 0.15 -4.19)
(0.15 0.15 -4.19)
(0 0 -4.18)
(0.15 0 -4.18)
(0 0.15 -4.18)
(0.15 0.15 -4.18)
(0 0 -4.17)
(0.15 0 -4.17)
(0 0.15 -4.17)
(0.15 0.15 -4.17)
(0 0 -4.16)
(0.15 0 -4.16)
(0 0.15 -4.16)
(0.15 0.15 -4.16)
(0 0 -4.15)
(0.15 0 -4.15)
(0 0.15 -4.15)
(0.15 0.15 -4.15)
(0 0 -4.14)
(0.15 0 -4.14)
(0 0.15 -4.14)
(0.15 0.15 -4.14)
(0 0 -4.13)
(0.15 0 -4.13)
(0 0.15 -4.13)
(0.15 0.15 -4.13)
(0 0 -4.12)
(0.15 0 -4.12)
(0 0.15 -4.12)
(0.15 0.15 -4.12)
(0 0 -4.11)
(0.15 0 -4.11)
(0 0.15 -4.11)
(0.15 0.15 -4.11)
(0 0 -4.1)
(0.15 0 -4.1)
(0 0.15 -4.1)
(0.15 0.15 -4.1)
(0 0 -4.09)
(0.15 0 -4.09)
(0 0.15 -4.09)
(0.15 0.15 -4.09)
(0 0 -4.08)
(0.15 0 -4.08)
(0 0.15 -4.08)
(0.15 0.15 -4.08)
(0 0 -4.07)
(0.15 0 -4.07)
(0 0.15 -4.07)
(0.15 0.15 -4.07)
(0 0 -4.06)
(0.15 0 -4.06)
(0 0.15 -4.06)
(0.15 0.15 -4.06)
(0 0 -4.05)
(0.15 0 -4.05)
(0 0.15 -4.05)
(0.15 0.15 -4.05)
(0 0 -4.04)
(0.15 0 -4.04)
(0 0.15 -4.04)
(0.15 0.15 -4.04)
(0 0 -4.03)
(0.15 0 -4.03)
(0 0.15 -4.03)
(0.15 0.15 -4.03)
(0 0 -4.02)
(0.15 0 -4.02)
(0 0.15 -4.02)
(0.15 0.15 -4.02)
(0 0 -4.01)
(0.15 0 -4.01)
(0 0.15 -4.01)
(0.15 0.15 -4.01)
(0 0 -4)
(0.15 0 -4)
(0 0.15 -4)
(0.15 0.15 -4)
(0 0 -3.99)
(0.15 0 -3.99)
(0 0.15 -3.99)
(0.15 0.15 -3.99)
(0 0 -3.98)
(0.15 0 -3.98)
(0 0.15 -3.98)
(0.15 0.15 -3.98)
(0 0 -3.97)
(0.15 0 -3.97)
(0 0.15 -3.97)
(0.15 0.15 -3.97)
(0 0 -3.96)
(0.15 0 -3.96)
(0 0.15 -3.96)
(0.15 0.15 -3.96)
(0 0 -3.95)
(0.15 0 -3.95)
(0 0.15 -3.95)
(0.15 0.15 -3.95)
(0 0 -3.94)
(0.15 0 -3.94)
(0 0.15 -3.94)
(0.15 0.15 -3.94)
(0 0 -3.93)
(0.15 0 -3.93)
(0 0.15 -3.93)
(0.15 0.15 -3.93)
(0 0 -3.92)
(0.15 0 -3.92)
(0 0.15 -3.92)
(0.15 0.15 -3.92)
(0 0 -3.91)
(0.15 0 -3.91)
(0 0.15 -3.91)
(0.15 0.15 -3.91)
(0 0 -3.9)
(0.15 0 -3.9)
(0 0.15 -3.9)
(0.15 0.15 -3.9)
(0 0 -3.89)
(0.15 0 -3.89)
(0 0.15 -3.89)
(0.15 0.15 -3.89)
(0 0 -3.88)
(0.15 0 -3.88)
(0 0.15 -3.88)
(0.15 0.15 -3.88)
(0 0 -3.87)
(0.15 0 -3.87)
(0 0.15 -3.87)
(0.15 0.15 -3.87)
(0 0 -3.86)
(0.15 0 -3.86)
(0 0.15 -3.86)
(0.15 0.15 -3.86)
(0 0 -3.85)
(0.15 0 -3.85)
(0 0.15 -3.85)
(0.15 0.15 -3.85)
(0 0 -3.84)
(0.15 0 -3.84)
(0 0.15 -3.84)
(0.15 0.15 -3.84)
(0 0 -3.83)
(0.15 0 -3.83)
(0 0.15 -3.83)
(0.15 0.15 -3.83)
(0 0 -3.82)
(0.15 0 -3.82)
(0 0.15 -3.82)
(0.15 0.15 -3.82)
(0 0 -3.81)
(0.15 0 -3.81)
(0 0.15 -3.81)
(0.15 0.15 -3.81)
(0 0 -3.8)
(0.15 0 -3.8)
(0 0.15 -3.8)
(0.15 0.15 -3.8)
(0 0 -3.79)
(0.15 0 -3.79)
(0 0.15 -3.79)
(0.15 0.15 -3.79)
(0 0 -3.78)
(0.15 0 -3.78)
(0 0.15 -3.78)
(0.15 0.15 -3.78)
(0 0 -3.77)
(0.15 0 -3.77)
(0 0.15 -3.77)
(0.15 0.15 -3.77)
(0 0 -3.76)
(0.15 0 -3.76)
(0 0.15 -3.76)
(0.15 0.15 -3.76)
(0 0 -3.75)
(0.15 0 -3.75)
(0 0.15 -3.75)
(0.15 0.15 -3.75)
(0 0 -3.74)
(0.15 0 -3.74)
(0 0.15 -3.74)
(0.15 0.15 -3.74)
(0 0 -3.73)
(0.15 0 -3.73)
(0 0.15 -3.73)
(0.15 0.15 -3.73)
(0 0 -3.72)
(0.15 0 -3.72)
(0 0.15 -3.72)
(0.15 0.15 -3.72)
(0 0 -3.71)
(0.15 0 -3.71)
(0 0.15 -3.71)
(0.15 0.15 -3.71)
(0 0 -3.7)
(0.15 0 -3.7)
(0 0.15 -3.7)
(0.15 0.15 -3.7)
(0 0 -3.69)
(0.15 0 -3.69)
(0 0.15 -3.69)
(0.15 0.15 -3.69)
(0 0 -3.68)
(0.15 0 -3.68)
(0 0.15 -3.68)
(0.15 0.15 -3.68)
(0 0 -3.67)
(0.15 0 -3.67)
(0 0.15 -3.67)
(0.15 0.15 -3.67)
(0 0 -3.66)
(0.15 0 -3.66)
(0 0.15 -3.66)
(0.15 0.15 -3.66)
(0 0 -3.65)
(0.15 0 -3.65)
(0 0.15 -3.65)
(0.15 0.15 -3.65)
(0 0 -3.64)
(0.15 0 -3.64)
(0 0.15 -3.64)
(0.15 0.15 -3.64)
(0 0 -3.63)
(0.15 0 -3.63)
(0 0.15 -3.63)
(0.15 0.15 -3.63)
(0 0 -3.62)
(0.15 0 -3.62)
(0 0.15 -3.62)
(0.15 0.15 -3.62)
(0 0 -3.61)
(0.15 0 -3.61)
(0 0.15 -3.61)
(0.15 0.15 -3.61)
(0 0 -3.6)
(0.15 0 -3.6)
(0 0.15 -3.6)
(0.15 0.15 -3.6)
(0 0 -3.59)
(0.15 0 -3.59)
(0 0.15 -3.59)
(0.15 0.15 -3.59)
(0 0 -3.58)
(0.15 0 -3.58)
(0 0.15 -3.58)
(0.15 0.15 -3.58)
(0 0 -3.57)
(0.15 0 -3.57)
(0 0.15 -3.57)
(0.15 0.15 -3.57)
(0 0 -3.56)
(0.15 0 -3.56)
(0 0.15 -3.56)
(0.15 0.15 -3.56)
(0 0 -3.55)
(0.15 0 -3.55)
(0 0.15 -3.55)
(0.15 0.15 -3.55)
(0 0 -3.54)
(0.15 0 -3.54)
(0 0.15 -3.54)
(0.15 0.15 -3.54)
(0 0 -3.53)
(0.15 0 -3.53)
(0 0.15 -3.53)
(0.15 0.15 -3.53)
(0 0 -4.8)
(0.15 0 -4.8)
(0 0.15 -4.8)
(0.15 0.15 -4.8)
(0 0 -4.79)
(0.15 0 -4.79)
(0 0.15 -4.79)
(0.15 0.15 -4.79)
(0 0 -4.78)
(0.15 0 -4.78)
(0 0.15 -4.78)
(0.15 0.15 -4.78)
(0 0 -4.77)
(0.15 0 -4.77)
(0 0.15 -4.77)
(0.15 0.15 -4.77)
(0 0 -4.76)
(0.15 0 -4.76)
(0 0.15 -4.76)
(0.15 0.15 -4.76)
(0 0 -4.75)
(0.15 0 -4.75)
(0 0.15 -4.75)
(0.15 0.15 -4.75)
(0 0 -4.74)
(0.15 0 -4.74)
(0 0.15 -4.74)
(0.15 0.15 -4.74)
(0 0 -4.73)
(0.15 0 -4.73)
(0 0.15 -4.73)
(0.15 0.15 -4.73)
(0 0 -4.72)
(0.15 0 -4.72)
(0 0.15 -4.72)
(0.15 0.15 -4.72)
(0 0 -4.71)
(0.15 0 -4.71)
(0 0.15 -4.71)
(0.15 0.15 -4.71)
(0 0 -4.7)
(0.15 0 -4.7)
(0 0.15 -4.7)
(0.15 0.15 -4.7)
(0 0 -4.69)
(0.15 0 -4.69)
(0 0.15 -4.69)
(0.15 0.15 -4.69)
(0 0 -4.68)
(0.15 0 -4.68)
(0 0.15 -4.68)
(0.15 0.15 -4.68)
(0 0 -4.67)
(0.15 0 -4.67)
(0 0.15 -4.67)
(0.15 0.15 -4.67)
(0 0 -4.66)
(0.15 0 -4.66)
(0 0.15 -4.66)
(0.15 0.15 -4.66)
(0 0 -4.65)
(0.15 0 -4.65)
(0 0.15 -4.65)
(0.15 0.15 -4.65)
(0 0 -4.64)
(0.15 0 -4.64)
(0 0.15 -4.64)
(0.15 0.15 -4.64)
(0 0 -4.63)
(0.15 0 -4.63)
(0 0.15 -4.63)
(0.15 0.15 -4.63)
(0 0 -6)
(0.15 0 -6)
(0 0.15 -6)
(0.15 0.15 -6)
(0 0 -5.99)
(0.15 0 -5.99)
(0 0.15 -5.99)
(0.15 0.15 -5.99)
(0 0 -5.98)
(0.15 0 -5.98)
(0 0.15 -5.98)
(0.15 0.15 -5.98)
(0 0 -5.97)
(0.15 0 -5.97)
(0 0.15 -5.97)
(0.15 0.15 -5.97)
(0 0 -5.96)
(0.15 0 -5.96)
(0 0.15 -5.96)
(0.15 0.15 -5.96)
(0 0 -5.95)
(0.15 0 -5.95)
(0 0.15 -5.95)
(0.15 0.15 -5.95)
(0 0 -5.94)
(0.15 0 -5.94)
(0 0.15 -5.94)
(0.15 0.15 -5.94)
(0 0 -5.93)
(0.15 0 -5.93)
(0 0.15 -5.93)
(0.15 0.15 -5.93)
(0 0 -5.92)
(0.15 0 -5.92)
(0 0.15 -5.92)
(0.15 0.15 -5.92)
(0 0 -5.91)
(0.15 0 -5.91)
(0 0.15 -5.91)
(0.15 0.15 -5.91)
(0 0 -5.9)
(0.15 0 -5.9)
(0 0.15 -5.9)
(0.15 0.15 -5.9)
(0 0 -5.89)
(0.15 0 -5.89)
(0 0.15 -5.89)
(0.15 0.15 -5.89)
(0 0 -5.88)
(0.15 0 -5.88)
(0 0.15 -5.88)
(0.15 0.15 -5.88)
(0 0 -5.87)
(0.15 0 -5.87)
(0 0.15 -5.87)
(0.15 0.15 -5.87)
(0 0 -5.86)
(0.15 0 -5.86)
(0 0.15 -5.86)
(0.15 0.15 -5.86)
(0 0 -5.85)
(0.15 0 -5.85)
(0 0.15 -5.85)
(0.15 0.15 -5.85)
(0 0 -5.84)
(0.15 0 -5.84)
(0 0.15 -5.84)
(0.15 0.15 -5.84)
(0 0 -5.83)
(0.15 0 -5.83)
(0 0.15 -5.83)
(0.15 0.15 -5.83)
(0 0 -5.82)
(0.15 0 -5.82)
(0 0.15 -5.82)
(0.15 0.15 -5.82)
(0 0 -5.81)
(0.15 0 -5.81)
(0 0.15 -5.81)
(0.15 0.15 -5.81)
(0 0 -5.8)
(0.15 0 -5.8)
(0 0.15 -5.8)
(0.15 0.15 -5.8)
(0 0 -5.79)
(0.15 0 -5.79)
(0 0.15 -5.79)
(0.15 0.15 -5.79)
(0 0 -5.78)
(0.15 0 -5.78)
(0 0.15 -5.78)
(0.15 0.15 -5.78)
(0 0 -5.77)
(0.15 0 -5.77)
(0 0.15 -5.77)
(0.15 0.15 -5.77)
(0 0 -5.76)
(0.15 0 -5.76)
(0 0.15 -5.76)
(0.15 0.15 -5.76)
(0 0 -5.75)
(0.15 0 -5.75)
(0 0.15 -5.75)
(0.15 0.15 -5.75)
(0 0 -5.74)
(0.15 0 -5.74)
(0 0.15 -5.74)
(0.15 0.15 -5.74)
(0 0 -5.73)
(0.15 0 -5.73)
(0 0.15 -5.73)
(0.15 0.15 -5.73)
(0 0 -5.72)
(0.15 0 -5.72)
(0 0.15 -5.72)
(0.15 0.15 -5.72)
(0 0 -5.71)
(0.15 0 -5.71)
(0 0.15 -5.71)
(0.15 0.15 -5.71)
(0 0 -5.7)
(0.15 0 -5.7)
(0 0.15 -5.7)
(0.15 0.15 -5.7)
(0 0 -5.69)
(0.15 0 -5.69)
(0 0.15 -5.69)
(0.15 0.15 -5.69)
(0 0 -5.68)
(0.15 0 -5.68)
(0 0.15 -5.68)
(0.15 0.15 -5.68)
(0 0 -5.67)
(0.15 0 -5.67)
(0 0.15 -5.67)
(0.15 0.15 -5.67)
(0 0 -5.66)
(0.15 0 -5.66)
(0 0.15 -5.66)
(0.15 0.15 -5.66)
(0 0 -5.65)
(0.15 0 -5.65)
(0 0.15 -5.65)
(0.15 0.15 -5.65)
(0 0 -5.64)
(0.15 0 -5.64)
(0 0.15 -5.64)
(0.15 0.15 -5.64)
(0 0 -5.63)
(0.15 0 -5.63)
(0 0.15 -5.63)
(0.15 0.15 -5.63)
(0 0 -5.62)
(0.15 0 -5.62)
(0 0.15 -5.62)
(0.15 0.15 -5.62)
(0 0 -5.61)
(0.15 0 -5.61)
(0 0.15 -5.61)
(0.15 0.15 -5.61)
(0 0 -5.6)
(0.15 0 -5.6)
(0 0.15 -5.6)
(0.15 0.15 -5.6)
(0 0 -5.59)
(0.15 0 -5.59)
(0 0.15 -5.59)
(0.15 0.15 -5.59)
(0 0 -5.58)
(0.15 0 -5.58)
(0 0.15 -5.58)
(0.15 0.15 -5.58)
(0 0 -5.57)
(0.15 0 -5.57)
(0 0.15 -5.57)
(0.15 0.15 -5.57)
(0 0 -5.56)
(0.15 0 -5.56)
(0 0.15 -5.56)
(0.15 0.15 -5.56)
(0 0 -5.55)
(0.15 0 -5.55)
(0 0.15 -5.55)
(0.15 0.15 -5.55)
(0 0 -5.54)
(0.15 0 -5.54)
(0 0.15 -5.54)
(0.15 0.15 -5.54)
(0 0 -5.53)
(0.15 0 -5.53)
(0 0.15 -5.53)
(0.15 0.15 -5.53)
(0 0 -5.52)
(0.15 0 -5.52)
(0 0.15 -5.52)
(0.15 0.15 -5.52)
(0 0 -5.51)
(0.15 0 -5.51)
(0 0.15 -5.51)
(0.15 0.15 -5.51)
(0 0 -5.5)
(0.15 0 -5.5)
(0 0.15 -5.5)
(0.15 0.15 -5.5)
(0 0 -5.49)
(0.15 0 -5.49)
(0 0.15 -5.49)
(0.15 0.15 -5.49)
(0 0 -5.48)
(0.15 0 -5.48)
(0 0.15 -5.48)
(0.15 0.15 -5.48)
(0 0 -5.47)
(0.15 0 -5.47)
(0 0.15 -5.47)
(0.15 0.15 -5.47)
(0 0 -5.46)
(0.15 0 -5.46)
(0 0.15 -5.46)
(0.15 0.15 -5.46)
(0 0 -5.45)
(0.15 0 -5.45)
(0 0.15 -5.45)
(0.15 0.15 -5.45)
(0 0 -5.44)
(0.15 0 -5.44)
(0 0.15 -5.44)
(0.15 0.15 -5.44)
(0 0 -5.43)
(0.15 0 -5.43)
(0 0.15 -5.43)
(0.15 0.15 -5.43)
(0 0 -5.42)
(0.15 0 -5.42)
(0 0.15 -5.42)
(0.15 0.15 -5.42)
(0 0 -5.41)
(0.15 0 -5.41)
(0 0.15 -5.41)
(0.15 0.15 -5.41)
(0 0 -5.4)
(0.15 0 -5.4)
(0 0.15 -5.4)
(0.15 0.15 -5.4)
(0 0 -5.39)
(0.15 0 -5.39)
(0 0.15 -5.39)
(0.15 0.15 -5.39)
(0 0 -5.38)
(0.15 0 -5.38)
(0 0.15 -5.38)
(0.15 0.15 -5.38)
(0 0 -5.37)
(0.15 0 -5.37)
(0 0.15 -5.37)
(0.15 0.15 -5.37)
(0 0 -5.36)
(0.15 0 -5.36)
(0 0.15 -5.36)
(0.15 0.15 -5.36)
(0 0 -5.35)
(0.15 0 -5.35)
(0 0.15 -5.35)
(0.15 0.15 -5.35)
(0 0 -5.34)
(0.15 0 -5.34)
(0 0.15 -5.34)
(0.15 0.15 -5.34)
(0 0 -5.33)
(0.15 0 -5.33)
(0 0.15 -5.33)
(0.15 0.15 -5.33)
(0 0 -5.32)
(0.15 0 -5.32)
(0 0.15 -5.32)
(0.15 0.15 -5.32)
(0 0 -5.31)
(0.15 0 -5.31)
(0 0.15 -5.31)
(0.15 0.15 -5.31)
(0 0 -5.3)
(0.15 0 -5.3)
(0 0.15 -5.3)
(0.15 0.15 -5.3)
(0 0 -5.29)
(0.15 0 -5.29)
(0 0.15 -5.29)
(0.15 0.15 -5.29)
(0 0 -5.28)
(0.15 0 -5.28)
(0 0.15 -5.28)
(0.15 0.15 -5.28)
(0 0 -5.27)
(0.15 0 -5.27)
(0 0.15 -5.27)
(0.15 0.15 -5.27)
(0 0 -5.26)
(0.15 0 -5.26)
(0 0.15 -5.26)
(0.15 0.15 -5.26)
(0 0 -5.25)
(0.15 0 -5.25)
(0 0.15 -5.25)
(0.15 0.15 -5.25)
(0 0 -5.24)
(0.15 0 -5.24)
(0 0.15 -5.24)
(0.15 0.15 -5.24)
(0 0 -5.23)
(0.15 0 -5.23)
(0 0.15 -5.23)
(0.15 0.15 -5.23)
(0 0 -5.22)
(0.15 0 -5.22)
(0 0.15 -5.22)
(0.15 0.15 -5.22)
(0 0 -5.21)
(0.15 0 -5.21)
(0 0.15 -5.21)
(0.15 0.15 -5.21)
(0 0 -5.2)
(0.15 0 -5.2)
(0 0.15 -5.2)
(0.15 0.15 -5.2)
(0 0 -5.19)
(0.15 0 -5.19)
(0 0.15 -5.19)
(0.15 0.15 -5.19)
(0 0 -5.18)
(0.15 0 -5.18)
(0 0.15 -5.18)
(0.15 0.15 -5.18)
(0 0 -5.17)
(0.15 0 -5.17)
(0 0.15 -5.17)
(0.15 0.15 -5.17)
(0 0 -5.16)
(0.15 0 -5.16)
(0 0.15 -5.16)
(0.15 0.15 -5.16)
(0 0 -5.15)
(0.15 0 -5.15)
(0 0.15 -5.15)
(0.15 0.15 -5.15)
(0 0 -5.14)
(0.15 0 -5.14)
(0 0.15 -5.14)
(0.15 0.15 -5.14)
(0 0 -5.13)
(0.15 0 -5.13)
(0 0.15 -5.13)
(0.15 0.15 -5.13)
(0 0 -5.12)
(0.15 0 -5.12)
(0 0.15 -5.12)
(0.15 0.15 -5.12)
(0 0 -5.11)
(0.15 0 -5.11)
(0 0.15 -5.11)
(0.15 0.15 -5.11)
(0 0 -5.1)
(0.15 0 -5.1)
(0 0.15 -5.1)
(0.15 0.15 -5.1)
(0 0 -5.09)
(0.15 0 -5.09)
(0 0.15 -5.09)
(0.15 0.15 -5.09)
(0 0 -5.08)
(0.15 0 -5.08)
(0 0.15 -5.08)
(0.15 0.15 -5.08)
(0 0 -5.07)
(0.15 0 -5.07)
(0 0.15 -5.07)
(0.15 0.15 -5.07)
(0 0 -5.06)
(0.15 0 -5.06)
(0 0.15 -5.06)
(0.15 0.15 -5.06)
(0 0 -5.05)
(0.15 0 -5.05)
(0 0.15 -5.05)
(0.15 0.15 -5.05)
(0 0 -5.04)
(0.15 0 -5.04)
(0 0.15 -5.04)
(0.15 0.15 -5.04)
(0 0 -5.03)
(0.15 0 -5.03)
(0 0.15 -5.03)
(0.15 0.15 -5.03)
(0 0 -5.02)
(0.15 0 -5.02)
(0 0.15 -5.02)
(0.15 0.15 -5.02)
(0 0 -5.01)
(0.15 0 -5.01)
(0 0.15 -5.01)
(0.15 0.15 -5.01)
(0 0 -5)
(0.15 0 -5)
(0 0.15 -5)
(0.15 0.15 -5)
(0 0 -4.99)
(0.15 0 -4.99)
(0 0.15 -4.99)
(0.15 0.15 -4.99)
(0 0 -4.98)
(0.15 0 -4.98)
(0 0.15 -4.98)
(0.15 0.15 -4.98)
(0 0 -4.97)
(0.15 0 -4.97)
(0 0.15 -4.97)
(0.15 0.15 -4.97)
(0 0 -4.96)
(0.15 0 -4.96)
(0 0.15 -4.96)
(0.15 0.15 -4.96)
(0 0 -4.95)
(0.15 0 -4.95)
(0 0.15 -4.95)
(0.15 0.15 -4.95)
(0 0 -4.94)
(0.15 0 -4.94)
(0 0.15 -4.94)
(0.15 0.15 -4.94)
(0 0 -4.93)
(0.15 0 -4.93)
(0 0.15 -4.93)
(0.15 0.15 -4.93)
(0 0 -4.92)
(0.15 0 -4.92)
(0 0.15 -4.92)
(0.15 0.15 -4.92)
(0 0 -4.91)
(0.15 0 -4.91)
(0 0.15 -4.91)
(0.15 0.15 -4.91)
(0 0 -4.9)
(0.15 0 -4.9)
(0 0.15 -4.9)
(0.15 0.15 -4.9)
(0 0 -4.89)
(0.15 0 -4.89)
(0 0.15 -4.89)
(0.15 0.15 -4.89)
(0 0 -4.88)
(0.15 0 -4.88)
(0 0.15 -4.88)
(0.15 0.15 -4.88)
(0 0 -4.87)
(0.15 0 -4.87)
(0 0.15 -4.87)
(0.15 0.15 -4.87)
(0 0 -4.86)
(0.15 0 -4.86)
(0 0.15 -4.86)
(0.15 0.15 -4.86)
(0 0 -4.85)
(0.15 0 -4.85)
(0 0.15 -4.85)
(0.15 0.15 -4.85)
(0 0 -4.84)
(0.15 0 -4.84)
(0 0.15 -4.84)
(0.15 0.15 -4.84)
(0 0 -4.83)
(0.15 0 -4.83)
(0 0.15 -4.83)
(0.15 0.15 -4.83)
(0 0 -4.82)
(0.15 0 -4.82)
(0 0.15 -4.82)
(0.15 0.15 -4.82)
(0 0 -4.81)
(0.15 0 -4.81)
(0 0.15 -4.81)
(0.15 0.15 -4.81)
)


// ************************************************************************* //
