R	C1	C2	C3	C4	C5	C6	C7	C8	C9	C10	C11	C12	C13	C14
R1	0.31	0	0.31	0	0.31	0	0.31	0	0.31	0	0.31	0	0.31	0
R2	0.0516	-2	0.31	-2	0.31	-2	0.31	-2	0.31	-2	0.31	-2	0.31	-2
R3	0.0516	-4	0.31	-4	0.31	-4	0.31	-4	0.31	-4	0.31	-4	0.31	-4
R4	0.0516	-6	0.31	-6	0.31	-6	0.31	-6	0.31	-6	0.31	-6	0.31	-6
R5	0.0516	-8	0.31	-8	0.31	-8	0.31	-8	0.31	-8	0.31	-8	0.31	-8
R6	0.0516	-10	0.31	-10	0.31	-10	0.31	-10	0.31	-10	0.31	-10	0.31	-10
R7	0.0516	-12	0.31	-12	0.31	-12	0.31	-12	0.31	-12	0.31	-12	0.31	-12
R8	0.0516	-14	0.31	-14	0.31	-14	0.31	-14	0.31	-14	0.31	-14	0.31	-14
R9	0.0516	-16	0.31	-16	0.31	-16	0.31	-16	0.31	-16	0.31	-16	0.31	-16
R10	0.0516	-18	0.31	-18	0.31	-18	0.31	-18	0.31	-18	0.31	-18	0.31	-18
R11	0.0516	-20	0.31	-20	0.31	-20	0.31	-20	0.31	-20	0.31	-20	0.31	-20
R12	0.0516	-22	0.31	-22	0.31	-22	0.31	-22	0.31	-22	0.31	-22	0.31	-22
R13	0.0516	-24	0.31	-24	0.31	-24	0.31	-24	0.31	-24	0.31	-24	0.31	-24
R14	0.0516	-26	0.31	-26	0.31	-26	0.31	-26	0.31	-26	0.31	-26	0.31	-26
R15	0.0516	-28	0.31	-28	0.31	-28	0.31	-28	0.31	-28	0.31	-28	0.31	-28
R16	0.0516	-30	0.31	-30	0.31	-30	0.31	-30	0.31	-30	0.31	-30	0.31	-30
R17	0.0516	-32	0.31	-32	0.31	-32	0.31	-32	0.31	-32	0.31	-32	0.31	-32
R18	0.0516	-34	0.31	-34	0.31	-34	0.31	-34	0.31	-34	0.31	-34	0.31	-34
R19	0.0516	-36	0.31	-36	0.31	-36	0.31	-36	0.31	-36	0.31	-36	0.31	-36
R20	0.0516	-38	0.31	-38	0.31	-38	0.31	-38	0.31	-38	0.31	-38	0.31	-38
R21	0.0516	-40	0.31	-40	0.31	-40	0.31	-40	0.31	-40	0.31	-40	0.31	-40
R22	0.0516	-42	0.31	-42	0.31	-42	0.31	-42	0.31	-42	0.31	-42	0.31	-42
R23	0.0516	-44	0.31	-44	0.31	-44	0.31	-44	0.31	-44	0.31	-44	0.31	-44
R24	0.0516	-46	0.31	-46	0.31	-46	0.31	-46	0.31	-46	0.31	-46	0.31	-46
R25	0.0516	-48	0.31	-48	0.31	-48	0.31	-48	0.31	-48	0.31	-48	0.31	-48
R26	0.0516	-50	0.31	-50	0.31	-50	0.31	-50	0.31	-50	0.31	-50	0.31	-50
R27	0.0516	-52	0.31	-52	0.31	-52	0.31	-52	0.31	-52	0.31	-52	0.31	-52
R28	0.0516	-54	0.31	-54	0.31	-54	0.31	-54	0.31	-54	0.31	-54	0.31	-54
R29	0.0516	-56	0.31	-56	0.31	-56	0.31	-56	0.31	-56	0.31	-56	0.31	-56
R30	0.0516	-58	0.31	-58	0.31	-58	0.31	-58	0.31	-58	0.31	-58	0.31	-58
R31	0.0516	-60	0.31	-60	0.31	-60	0.31	-60	0.31	-60	0.31	-60	0.31	-60
R32	0.0516	-62	0.31	-62	0.31	-62	0.31	-62	0.31	-62	0.31	-62	0.31	-62
R33	0.0516	-64	0.31	-64	0.31	-64	0.31	-64	0.31	-64	0.31	-64	0.31	-64
R34	0.0516	-66	0.31	-66	0.31	-66	0.31	-66	0.31	-66	0.31	-66	0.31	-66
R35	0.0516	-68	0.31	-68	0.31	-68	0.31	-68	0.31	-68	0.31	-68	0.31	-68
R36	0.0516	-70	0.31	-70	0.31	-70	0.31	-70	0.31	-70	0.31	-70	0.31	-70
R37	0.0516	-72	0.3099	-72	0.31	-72	0.31	-72	0.31	-72	0.31	-72	0.31	-72
R38	0.0516	-74	0.3099	-74	0.31	-74	0.31	-74	0.31	-74	0.31	-74	0.31	-74
R39	0.0516	-76	0.3098	-76	0.31	-76	0.31	-76	0.31	-76	0.31	-76	0.31	-76
R40	0.0516	-78	0.3097	-78	0.31	-78	0.31	-78	0.31	-78	0.31	-78	0.31	-78
R41	0.0516	-80	0.3096	-80	0.31	-80	0.31	-80	0.31	-80	0.31	-80	0.31	-80
R42	0.0516	-82	0.3095	-82	0.31	-82	0.31	-82	0.31	-82	0.31	-82	0.31	-82
R43	0.0516	-84	0.3094	-84	0.31	-84	0.31	-84	0.31	-84	0.31	-84	0.31	-84
R44	0.0516	-86	0.3092	-86	0.31	-86	0.31	-86	0.31	-86	0.31	-86	0.31	-86
R45	0.0516	-88	0.309	-88	0.31	-88	0.31	-88	0.31	-88	0.31	-88	0.31	-88
R46	0.0516	-90	0.3087	-90	0.31	-90	0.31	-90	0.31	-90	0.31	-90	0.31	-90
R47	0.0516	-92	0.3084	-92	0.31	-92	0.31	-92	0.31	-92	0.31	-92	0.31	-92
R48	0.0516	-94	0.3081	-94	0.31	-94	0.31	-94	0.31	-94	0.31	-94	0.31	-94
R49	0.0516	-96	0.3077	-96	0.31	-96	0.31	-96	0.31	-96	0.31	-96	0.31	-96
R50	0.0516	-98	0.3073	-98	0.31	-98	0.31	-98	0.31	-98	0.31	-98	0.31	-98
R51	0.0516	-100	0.3068	-100	0.31	-100	0.31	-100	0.31	-100	0.31	-100	0.31	-100
R52	0.0516	-102	0.3062	-102	0.31	-102	0.31	-102	0.31	-102	0.31	-102	0.31	-102
R53	0.0516	-104	0.3055	-104	0.31	-104	0.31	-104	0.31	-104	0.31	-104	0.31	-104
R54	0.0516	-106	0.3047	-106	0.31	-106	0.31	-106	0.31	-106	0.31	-106	0.31	-106
R55	0.0516	-108	0.3037	-108	0.31	-108	0.31	-108	0.31	-108	0.31	-108	0.31	-108
R56	0.0516	-110	0.3028	-110	0.31	-110	0.31	-110	0.31	-110	0.31	-110	0.31	-110
R57	0.0516	-112	0.3015	-112	0.31	-112	0.31	-112	0.31	-112	0.31	-112	0.31	-112
R58	0.0516	-114	0.3	-114	0.31	-114	0.31	-114	0.31	-114	0.31	-114	0.31	-114
R59	0.0516	-116	0.2985	-116	0.31	-116	0.31	-116	0.31	-116	0.31	-116	0.31	-116
R60	0.0516	-118	0.2964	-118	0.31	-118	0.31	-118	0.31	-118	0.31	-118	0.31	-118
R61	0.0516	-120	0.2942	-120	0.31	-120	0.31	-120	0.31	-120	0.31	-120	0.31	-120
R62	0.0516	-122	0.2917	-122	0.31	-122	0.31	-122	0.31	-122	0.31	-122	0.31	-122
R63	0.0516	-124	0.2883	-124	0.31	-124	0.31	-124	0.31	-124	0.31	-124	0.31	-124
R64	0.0516	-126	0.2847	-126	0.31	-126	0.31	-126	0.31	-126	0.31	-126	0.31	-126
R65	0.0516	-128	0.2803	-128	0.3099	-128	0.31	-128	0.31	-128	0.31	-128	0.31	-128
R66	0.0516	-130	0.2748	-130	0.3099	-130	0.31	-130	0.31	-130	0.31	-130	0.31	-130
R67	0.0516	-132	0.2685	-132	0.3099	-132	0.31	-132	0.31	-132	0.31	-132	0.31	-132
R68	0.0516	-134	0.2605	-134	0.3099	-134	0.31	-134	0.31	-134	0.31	-134	0.31	-134
R69	0.0516	-136	0.2507	-136	0.3098	-136	0.31	-136	0.31	-136	0.31	-136	0.31	-136
R70	0.0516	-138	0.2383	-138	0.3098	-138	0.31	-138	0.31	-138	0.31	-138	0.31	-138
R71	0.0516	-140	0.2224	-140	0.3097	-140	0.31	-140	0.31	-140	0.31	-140	0.31	-140
R72	0.0516	-142	0.2012	-142	0.3097	-142	0.31	-142	0.31	-142	0.31	-142	0.31	-142
R73	0.0516	-144	0.173	-144	0.3096	-144	0.31	-144	0.31	-144	0.31	-144	0.31	-144
R74	0.0516	-146	0.1352	-146	0.3095	-146	0.31	-146	0.31	-146	0.31	-146	0.31	-146
R75	0.0516	-148	0.0902	-148	0.3094	-148	0.31	-148	0.31	-148	0.31	-148	0.31	-148
R76	0.0516	-150	0.058	-150	0.3093	-150	0.31	-150	0.31	-150	0.31	-150	0.31	-150
R77	0.0516	-152	0.0519	-152	0.3092	-152	0.31	-152	0.31	-152	0.31	-152	0.31	-152
R78	0.0516	-154	0.0516	-154	0.3091	-154	0.31	-154	0.31	-154	0.31	-154	0.31	-154
R79	0.0516	-156	0.0516	-156	0.309	-156	0.31	-156	0.31	-156	0.31	-156	0.31	-156
R80	0.0516	-158	0.0516	-158	0.3088	-158	0.31	-158	0.31	-158	0.31	-158	0.31	-158
R81	0.0516	-160	0.0516	-160	0.3086	-160	0.31	-160	0.31	-160	0.31	-160	0.31	-160
R82	0.0516	-162	0.0516	-162	0.3085	-162	0.31	-162	0.31	-162	0.31	-162	0.31	-162
R83	0.0516	-164	0.0516	-164	0.3083	-164	0.31	-164	0.31	-164	0.31	-164	0.31	-164
R84	0.0516	-166	0.0516	-166	0.308	-166	0.31	-166	0.31	-166	0.31	-166	0.31	-166
R85	0.0516	-168	0.0516	-168	0.3077	-168	0.31	-168	0.31	-168	0.31	-168	0.31	-168
R86	0.0516	-170	0.0516	-170	0.3074	-170	0.31	-170	0.31	-170	0.31	-170	0.31	-170
R87	0.0516	-172	0.0516	-172	0.3071	-172	0.31	-172	0.31	-172	0.31	-172	0.31	-172
R88	0.0516	-174	0.0516	-174	0.3067	-174	0.31	-174	0.31	-174	0.31	-174	0.31	-174
R89	0.0516	-176	0.0516	-176	0.3063	-176	0.31	-176	0.31	-176	0.31	-176	0.31	-176
R90	0.0516	-178	0.0516	-178	0.3059	-178	0.31	-178	0.31	-178	0.31	-178	0.31	-178
R91	0.0516	-180	0.0516	-180	0.3054	-180	0.31	-180	0.31	-180	0.31	-180	0.31	-180
R92	0.0516	-182	0.0516	-182	0.3048	-182	0.31	-182	0.31	-182	0.31	-182	0.31	-182
R93	0.0516	-184	0.0516	-184	0.3041	-184	0.31	-184	0.31	-184	0.31	-184	0.31	-184
R94	0.0516	-186	0.0516	-186	0.3034	-186	0.3099	-186	0.31	-186	0.31	-186	0.31	-186
R95	0.0516	-188	0.0516	-188	0.3027	-188	0.3099	-188	0.31	-188	0.31	-188	0.31	-188
R96	0.0516	-190	0.0516	-190	0.3017	-190	0.3099	-190	0.31	-190	0.31	-190	0.31	-190
R97	0.0516	-192	0.0516	-192	0.3006	-192	0.3099	-192	0.31	-192	0.31	-192	0.31	-192
R98	0.0516	-194	0.0516	-194	0.2995	-194	0.3099	-194	0.31	-194	0.31	-194	0.31	-194
R99	0.0516	-196	0.0516	-196	0.2983	-196	0.3098	-196	0.31	-196	0.31	-196	0.31	-196
R100	0.0516	-198	0.0516	-198	0.2967	-198	0.3098	-198	0.31	-198	0.31	-198	0.31	-198
R101	0.0516	-200	0.0516	-200	0.295	-200	0.3098	-200	0.31	-200	0.31	-200	0.31	-200
R102	0.0516	-202	0.0516	-202	0.2931	-202	0.3097	-202	0.31	-202	0.31	-202	0.31	-202
R103	0.0516	-204	0.0516	-204	0.291	-204	0.3097	-204	0.31	-204	0.31	-204	0.31	-204
R104	0.0516	-206	0.0516	-206	0.2883	-206	0.3096	-206	0.31	-206	0.31	-206	0.31	-206
R105	0.0516	-208	0.0516	-208	0.2854	-208	0.3096	-208	0.31	-208	0.31	-208	0.31	-208
R106	0.0516	-210	0.0516	-210	0.2822	-210	0.3095	-210	0.31	-210	0.31	-210	0.31	-210
R107	0.0516	-212	0.0516	-212	0.2781	-212	0.3095	-212	0.31	-212	0.31	-212	0.31	-212
R108	0.0516	-214	0.0516	-214	0.2735	-214	0.3094	-214	0.31	-214	0.31	-214	0.31	-214
R109	0.0516	-216	0.0516	-216	0.2682	-216	0.3093	-216	0.31	-216	0.31	-216	0.31	-216
R110	0.0516	-218	0.0516	-218	0.2615	-218	0.3092	-218	0.31	-218	0.31	-218	0.31	-218
R111	0.0516	-220	0.0516	-220	0.2537	-220	0.3091	-220	0.31	-220	0.31	-220	0.31	-220
R112	0.0516	-222	0.0516	-222	0.2442	-222	0.309	-222	0.31	-222	0.31	-222	0.31	-222
R113	0.0516	-224	0.0516	-224	0.2325	-224	0.3089	-224	0.31	-224	0.31	-224	0.31	-224
R114	0.0516	-226	0.0516	-226	0.218	-226	0.3088	-226	0.31	-226	0.31	-226	0.31	-226
R115	0.0516	-228	0.0516	-228	0.1989	-228	0.3087	-228	0.31	-228	0.31	-228	0.31	-228
R116	0.0516	-230	0.0516	-230	0.1741	-230	0.3085	-230	0.31	-230	0.31	-230	0.31	-230
R117	0.0516	-232	0.0516	-232	0.1411	-232	0.3084	-232	0.31	-232	0.31	-232	0.31	-232
R118	0.0516	-234	0.0516	-234	0.1006	-234	0.3082	-234	0.31	-234	0.31	-234	0.31	-234
R119	0.0516	-236	0.0516	-236	0.0642	-236	0.308	-236	0.31	-236	0.31	-236	0.31	-236
R120	0.0516	-238	0.0516	-238	0.0526	-238	0.3077	-238	0.31	-238	0.31	-238	0.31	-238
R121	0.0516	-240	0.0516	-240	0.0516	-240	0.3075	-240	0.31	-240	0.31	-240	0.31	-240
R122	0.0516	-242	0.0516	-242	0.0516	-242	0.3073	-242	0.31	-242	0.31	-242	0.31	-242
R123	0.0516	-244	0.0516	-244	0.0516	-244	0.307	-244	0.3099	-244	0.31	-244	0.31	-244
R124	0.0516	-246	0.0516	-246	0.0516	-246	0.3066	-246	0.3099	-246	0.31	-246	0.31	-246
R125	0.0516	-248	0.0516	-248	0.0516	-248	0.3063	-248	0.3099	-248	0.31	-248	0.31	-248
R126	0.0516	-250	0.0516	-250	0.0516	-250	0.3059	-250	0.3099	-250	0.31	-250	0.31	-250
R127	0.0516	-252	0.0516	-252	0.0516	-252	0.3055	-252	0.3099	-252	0.31	-252	0.31	-252
R128	0.0516	-254	0.0516	-254	0.0516	-254	0.305	-254	0.3099	-254	0.31	-254	0.31	-254
R129	0.0516	-256	0.0516	-256	0.0516	-256	0.3045	-256	0.3099	-256	0.31	-256	0.31	-256
R130	0.0516	-258	0.0516	-258	0.0516	-258	0.3039	-258	0.3098	-258	0.31	-258	0.31	-258
R131	0.0516	-260	0.0516	-260	0.0516	-260	0.3033	-260	0.3098	-260	0.31	-260	0.31	-260
R132	0.0516	-262	0.0516	-262	0.0516	-262	0.3026	-262	0.3098	-262	0.31	-262	0.31	-262
R133	0.0516	-264	0.0516	-264	0.0516	-264	0.3018	-264	0.3097	-264	0.31	-264	0.31	-264
R134	0.0516	-266	0.0516	-266	0.0516	-266	0.3009	-266	0.3097	-266	0.31	-266	0.31	-266
R135	0.0516	-268	0.0516	-268	0.0516	-268	0.2999	-268	0.3097	-268	0.31	-268	0.31	-268
R136	0.0516	-270	0.0516	-270	0.0516	-270	0.2989	-270	0.3096	-270	0.31	-270	0.31	-270
R137	0.0516	-272	0.0516	-272	0.0516	-272	0.2976	-272	0.3096	-272	0.31	-272	0.31	-272
R138	0.0516	-274	0.0516	-274	0.0516	-274	0.2962	-274	0.3096	-274	0.31	-274	0.31	-274
R139	0.0516	-276	0.0516	-276	0.0516	-276	0.2946	-276	0.3095	-276	0.31	-276	0.31	-276
R140	0.0516	-278	0.0516	-278	0.0516	-278	0.293	-278	0.3094	-278	0.31	-278	0.31	-278
R141	0.0516	-280	0.0516	-280	0.0516	-280	0.291	-280	0.3094	-280	0.31	-280	0.31	-280
R142	0.0516	-282	0.0516	-282	0.0516	-282	0.2887	-282	0.3093	-282	0.31	-282	0.31	-282
R143	0.0516	-284	0.0516	-284	0.0516	-284	0.2861	-284	0.3092	-284	0.31	-284	0.31	-284
R144	0.0516	-286	0.0516	-286	0.0516	-286	0.2832	-286	0.3092	-286	0.31	-286	0.31	-286
R145	0.0516	-288	0.0516	-288	0.0516	-288	0.2798	-288	0.3091	-288	0.31	-288	0.31	-288
R146	0.0516	-290	0.0516	-290	0.0516	-290	0.2758	-290	0.309	-290	0.31	-290	0.31	-290
R147	0.0516	-292	0.0516	-292	0.0516	-292	0.2713	-292	0.3089	-292	0.31	-292	0.31	-292
R148	0.0516	-294	0.0516	-294	0.0516	-294	0.266	-294	0.3088	-294	0.31	-294	0.31	-294
R149	0.0516	-296	0.0516	-296	0.0516	-296	0.2596	-296	0.3087	-296	0.31	-296	0.31	-296
R150	0.0516	-298	0.0516	-298	0.0516	-298	0.2521	-298	0.3085	-298	0.31	-298	0.31	-298
R151	0.0516	-300	0.0516	-300	0.0516	-300	0.243	-300	0.3084	-300	0.31	-300	0.31	-300
R152	0.0516	-302	0.0516	-302	0.0516	-302	0.2319	-302	0.3082	-302	0.31	-302	0.31	-302
R153	0.0516	-304	0.0516	-304	0.0516	-304	0.2183	-304	0.3081	-304	0.3099	-304	0.31	-304
R154	0.0516	-306	0.0516	-306	0.0516	-306	0.2006	-306	0.3079	-306	0.3099	-306	0.31	-306
R155	0.0516	-308	0.0516	-308	0.0516	-308	0.1781	-308	0.3077	-308	0.3099	-308	0.31	-308
R156	0.0516	-310	0.0516	-310	0.0516	-310	0.149	-310	0.3075	-310	0.3099	-310	0.31	-310
R157	0.0516	-312	0.0516	-312	0.0516	-312	0.1115	-312	0.3072	-312	0.3099	-312	0.31	-312
R158	0.0516	-314	0.0516	-314	0.0516	-314	0.0724	-314	0.307	-314	0.3099	-314	0.31	-314
R159	0.0516	-316	0.0516	-316	0.0516	-316	0.0539	-316	0.3067	-316	0.3099	-316	0.31	-316
R160	0.0516	-318	0.0516	-318	0.0516	-318	0.0517	-318	0.3064	-318	0.3099	-318	0.31	-318
R161	0.0516	-320	0.0516	-320	0.0516	-320	0.0516	-320	0.306	-320	0.3098	-320	0.31	-320
R162	0.0516	-322	0.0516	-322	0.0516	-322	0.0516	-322	0.3057	-322	0.3098	-322	0.31	-322
R163	0.0516	-324	0.0516	-324	0.0516	-324	0.0516	-324	0.3053	-324	0.3098	-324	0.31	-324
R164	0.0516	-326	0.0516	-326	0.0516	-326	0.0516	-326	0.3048	-326	0.3098	-326	0.31	-326
R165	0.0516	-328	0.0516	-328	0.0516	-328	0.0516	-328	0.3043	-328	0.3097	-328	0.31	-328
R166	0.0516	-330	0.0516	-330	0.0516	-330	0.0516	-330	0.3038	-330	0.3097	-330	0.31	-330
R167	0.0516	-332	0.0516	-332	0.0516	-332	0.0516	-332	0.3032	-332	0.3097	-332	0.31	-332
R168	0.0516	-334	0.0516	-334	0.0516	-334	0.0516	-334	0.3026	-334	0.3096	-334	0.31	-334
R169	0.0516	-336	0.0516	-336	0.0516	-336	0.0516	-336	0.3018	-336	0.3096	-336	0.31	-336
R170	0.0516	-338	0.0516	-338	0.0516	-338	0.0516	-338	0.301	-338	0.3096	-338	0.31	-338
R171	0.0516	-340	0.0516	-340	0.0516	-340	0.0516	-340	0.3001	-340	0.3095	-340	0.31	-340
R172	0.0516	-342	0.0516	-342	0.0516	-342	0.0516	-342	0.2992	-342	0.3095	-342	0.31	-342
R173	0.0516	-344	0.0516	-344	0.0516	-344	0.0516	-344	0.2982	-344	0.3094	-344	0.31	-344
R174	0.0516	-346	0.0516	-346	0.0516	-346	0.0516	-346	0.2969	-346	0.3094	-346	0.31	-346
R175	0.0516	-348	0.0516	-348	0.0516	-348	0.0516	-348	0.2955	-348	0.3093	-348	0.31	-348
R176	0.0516	-350	0.0516	-350	0.0516	-350	0.0516	-350	0.294	-350	0.3093	-350	0.31	-350
R177	0.0516	-352	0.0516	-352	0.0516	-352	0.0516	-352	0.2923	-352	0.3092	-352	0.31	-352
R178	0.0516	-354	0.0516	-354	0.0516	-354	0.0516	-354	0.2904	-354	0.3091	-354	0.31	-354
R179	0.0516	-356	0.0516	-356	0.0516	-356	0.0516	-356	0.2881	-356	0.309	-356	0.31	-356
R180	0.0516	-358	0.0516	-358	0.0516	-358	0.0516	-358	0.2856	-358	0.309	-358	0.31	-358
R181	0.0516	-360	0.0516	-360	0.0516	-360	0.0516	-360	0.2829	-360	0.3089	-360	0.31	-360
R182	0.0516	-362	0.0516	-362	0.0516	-362	0.0516	-362	0.2796	-362	0.3088	-362	0.31	-362
R183	0.0516	-364	0.0516	-364	0.0516	-364	0.0516	-364	0.2758	-364	0.3086	-364	0.3099	-364
R184	0.0516	-366	0.0516	-366	0.0516	-366	0.0516	-366	0.2715	-366	0.3085	-366	0.3099	-366
R185	0.0516	-368	0.0516	-368	0.0516	-368	0.0516	-368	0.2666	-368	0.3084	-368	0.3099	-368
R186	0.0516	-370	0.0516	-370	0.0516	-370	0.0516	-370	0.2605	-370	0.3083	-370	0.3099	-370
R187	0.0516	-372	0.0516	-372	0.0516	-372	0.0516	-372	0.2535	-372	0.3081	-372	0.3099	-372
R188	0.0516	-374	0.0516	-374	0.0516	-374	0.0516	-374	0.2452	-374	0.3079	-374	0.3099	-374
R189	0.0516	-376	0.0516	-376	0.0516	-376	0.0516	-376	0.2351	-376	0.3078	-376	0.3099	-376
R190	0.0516	-378	0.0516	-378	0.0516	-378	0.0516	-378	0.2225	-378	0.3076	-378	0.3099	-378
R191	0.0516	-380	0.0516	-380	0.0516	-380	0.0516	-380	0.207	-380	0.3074	-380	0.3099	-380
R192	0.0516	-382	0.0516	-382	0.0516	-382	0.0516	-382	0.1876	-382	0.3072	-382	0.3098	-382
R193	0.0516	-384	0.0516	-384	0.0516	-384	0.0516	-384	0.162	-384	0.3069	-384	0.3098	-384
R194	0.0516	-386	0.0516	-386	0.0516	-386	0.0516	-386	0.1291	-386	0.3066	-386	0.3098	-386
R195	0.0516	-388	0.0516	-388	0.0516	-388	0.0516	-388	0.0899	-388	0.3063	-388	0.3098	-388
R196	0.0516	-390	0.0516	-390	0.0516	-390	0.0516	-390	0.0592	-390	0.306	-390	0.3098	-390
R197	0.0516	-392	0.0516	-392	0.0516	-392	0.0516	-392	0.0521	-392	0.3057	-392	0.3097	-392
R198	0.0516	-394	0.0516	-394	0.0516	-394	0.0516	-394	0.0516	-394	0.3054	-394	0.3097	-394
R199	0.0516	-396	0.0516	-396	0.0516	-396	0.0516	-396	0.0516	-396	0.3049	-396	0.3097	-396
R200	0.0516	-398	0.0516	-398	0.0516	-398	0.0516	-398	0.0516	-398	0.3044	-398	0.3097	-398
R201	0.0516	-400	0.0516	-400	0.0516	-400	0.0516	-400	0.0516	-400	0.3039	-400	0.3096	-400
R202	0.0516	-402	0.0516	-402	0.0516	-402	0.0516	-402	0.0516	-402	0.3034	-402	0.3096	-402
R203	0.0516	-404	0.0516	-404	0.0516	-404	0.0516	-404	0.0516	-404	0.3029	-404	0.3096	-404
R204	0.0516	-406	0.0516	-406	0.0516	-406	0.0516	-406	0.0516	-406	0.3022	-406	0.3095	-406
R205	0.0516	-408	0.0516	-408	0.0516	-408	0.0516	-408	0.0516	-408	0.3014	-408	0.3095	-408
R206	0.0516	-410	0.0516	-410	0.0516	-410	0.0516	-410	0.0516	-410	0.3006	-410	0.3094	-410
R207	0.0516	-412	0.0516	-412	0.0516	-412	0.0516	-412	0.0516	-412	0.2998	-412	0.3094	-412
R208	0.0516	-414	0.0516	-414	0.0516	-414	0.0516	-414	0.0516	-414	0.2989	-414	0.3093	-414
R209	0.0516	-416	0.0516	-416	0.0516	-416	0.0516	-416	0.0516	-416	0.2978	-416	0.3093	-416
R210	0.0516	-418	0.0516	-418	0.0516	-418	0.0516	-418	0.0516	-418	0.2965	-418	0.3092	-418
R211	0.0516	-420	0.0516	-420	0.0516	-420	0.0516	-420	0.0516	-420	0.2952	-420	0.3091	-420
R212	0.0516	-422	0.0516	-422	0.0516	-422	0.0516	-422	0.0516	-422	0.2937	-422	0.3091	-422
R213	0.0516	-424	0.0516	-424	0.0516	-424	0.0516	-424	0.0516	-424	0.2922	-424	0.309	-424
R214	0.0516	-426	0.0516	-426	0.0516	-426	0.0516	-426	0.0516	-426	0.2902	-426	0.3089	-426
R215	0.0516	-428	0.0516	-428	0.0516	-428	0.0516	-428	0.0516	-428	0.288	-428	0.3088	-428
R216	0.0516	-430	0.0516	-430	0.0516	-430	0.0516	-430	0.0516	-430	0.2857	-430	0.3087	-430
R217	0.0516	-432	0.0516	-432	0.0516	-432	0.0516	-432	0.0516	-432	0.283	-432	0.3086	-432
R218	0.0516	-434	0.0516	-434	0.0516	-434	0.0516	-434	0.0516	-434	0.2799	-434	0.3085	-434
R219	0.0516	-436	0.0516	-436	0.0516	-436	0.0516	-436	0.0516	-436	0.2763	-436	0.3084	-436
R220	0.0516	-438	0.0516	-438	0.0516	-438	0.0516	-438	0.0516	-438	0.2722	-438	0.3083	-438
R221	0.0516	-440	0.0516	-440	0.0516	-440	0.0516	-440	0.0516	-440	0.2676	-440	0.3081	-440
R222	0.0516	-442	0.0516	-442	0.0516	-442	0.0516	-442	0.0516	-442	0.2619	-442	0.308	-442
R223	0.0516	-444	0.0516	-444	0.0516	-444	0.0516	-444	0.0516	-444	0.2554	-444	0.3078	-444
R224	0.0516	-446	0.0516	-446	0.0516	-446	0.0516	-446	0.0516	-446	0.2476	-446	0.3076	-446
R225	0.0516	-448	0.0516	-448	0.0516	-448	0.0516	-448	0.0516	-448	0.2383	-448	0.3074	-448
R226	0.0516	-450	0.0516	-450	0.0516	-450	0.0516	-450	0.0516	-450	0.2269	-450	0.3073	-450
R227	0.0516	-452	0.0516	-452	0.0516	-452	0.0516	-452	0.0516	-452	0.2132	-452	0.307	-452
R228	0.0516	-454	0.0516	-454	0.0516	-454	0.0516	-454	0.0516	-454	0.1955	-454	0.3068	-454
R229	0.0516	-456	0.0516	-456	0.0516	-456	0.0516	-456	0.0516	-456	0.1728	-456	0.3065	-456
R230	0.0516	-458	0.0516	-458	0.0516	-458	0.0516	-458	0.0516	-458	0.1433	-458	0.3062	-458
R231	0.0516	-460	0.0516	-460	0.0516	-460	0.0516	-460	0.0516	-460	0.1067	-460	0.3059	-460
R232	0.0516	-462	0.0516	-462	0.0516	-462	0.0516	-462	0.0516	-462	0.0698	-462	0.3056	-462
R233	0.0516	-464	0.0516	-464	0.0516	-464	0.0516	-464	0.0516	-464	0.0535	-464	0.3053	-464
R234	0.0516	-466	0.0516	-466	0.0516	-466	0.0516	-466	0.0516	-466	0.0517	-466	0.3048	-466
R235	0.0516	-468	0.0516	-468	0.0516	-468	0.0516	-468	0.0516	-468	0.0516	-468	0.3044	-468
R236	0.0516	-470	0.0516	-470	0.0516	-470	0.0516	-470	0.0516	-470	0.0516	-470	0.3039	-470
R237	0.0516	-472	0.0516	-472	0.0516	-472	0.0516	-472	0.0516	-472	0.0516	-472	0.3034	-472
R238	0.0516	-474	0.0516	-474	0.0516	-474	0.0516	-474	0.0516	-474	0.0516	-474	0.3029	-474
R239	0.0516	-476	0.0516	-476	0.0516	-476	0.0516	-476	0.0516	-476	0.0516	-476	0.3023	-476
R240	0.0516	-478	0.0516	-478	0.0516	-478	0.0516	-478	0.0516	-478	0.0516	-478	0.3015	-478
R241	0.0516	-480	0.0516	-480	0.0516	-480	0.0516	-480	0.0516	-480	0.0516	-480	0.3008	-480
R242	0.0516	-482	0.0516	-482	0.0516	-482	0.0516	-482	0.0516	-482	0.0516	-482	0.2999	-482
R243	0.0516	-484	0.0516	-484	0.0516	-484	0.0516	-484	0.0516	-484	0.0516	-484	0.2991	-484
R244	0.0516	-486	0.0516	-486	0.0516	-486	0.0516	-486	0.0516	-486	0.0516	-486	0.2981	-486
R245	0.0516	-488	0.0516	-488	0.0516	-488	0.0516	-488	0.0516	-488	0.0516	-488	0.2969	-488
R246	0.0516	-490	0.0516	-490	0.0516	-490	0.0516	-490	0.0516	-490	0.0516	-490	0.2956	-490
R247	0.0516	-492	0.0516	-492	0.0516	-492	0.0516	-492	0.0516	-492	0.0516	-492	0.2942	-492
R248	0.0516	-494	0.0516	-494	0.0516	-494	0.0516	-494	0.0516	-494	0.0516	-494	0.2928	-494
R249	0.0516	-496	0.0516	-496	0.0516	-496	0.0516	-496	0.0516	-496	0.0516	-496	0.2911	-496
R250	0.0516	-498	0.0516	-498	0.0516	-498	0.0516	-498	0.0516	-498	0.0516	-498	0.289	-498
R251	0.0516	-500	0.0516	-500	0.0516	-500	0.0516	-500	0.0516	-500	0.0516	-500	0.2868	-500
R252	0.0516	-502	0.0516	-502	0.0516	-502	0.0516	-502	0.0516	-502	0.0516	-502	0.2843	-502
R253	0.0516	-504	0.0516	-504	0.0516	-504	0.0516	-504	0.0516	-504	0.0516	-504	0.2816	-504
R254	0.0516	-506	0.0516	-506	0.0516	-506	0.0516	-506	0.0516	-506	0.0516	-506	0.2782	-506
R255	0.0516	-508	0.0516	-508	0.0516	-508	0.0516	-508	0.0516	-508	0.0516	-508	0.2745	-508
R256	0.0516	-510	0.0516	-510	0.0516	-510	0.0516	-510	0.0516	-510	0.0516	-510	0.2703	-510
R257	0.0516	-512	0.0516	-512	0.0516	-512	0.0516	-512	0.0516	-512	0.0516	-512	0.2654	-512
R258	0.0516	-514	0.0516	-514	0.0516	-514	0.0516	-514	0.0516	-514	0.0516	-514	0.2595	-514
R259	0.0516	-516	0.0516	-516	0.0516	-516	0.0516	-516	0.0516	-516	0.0516	-516	0.2527	-516
R260	0.0516	-518	0.0516	-518	0.0516	-518	0.0516	-518	0.0516	-518	0.0516	-518	0.2446	-518
R261	0.0516	-520	0.0516	-520	0.0516	-520	0.0516	-520	0.0516	-520	0.0516	-520	0.2349	-520
R262	0.0516	-522	0.0516	-522	0.0516	-522	0.0516	-522	0.0516	-522	0.0516	-522	0.2229	-522
R263	0.0516	-524	0.0516	-524	0.0516	-524	0.0516	-524	0.0516	-524	0.0516	-524	0.2083	-524
R264	0.0516	-526	0.0516	-526	0.0516	-526	0.0516	-526	0.0516	-526	0.0516	-526	0.1902	-526
R265	0.0516	-528	0.0516	-528	0.0516	-528	0.0516	-528	0.0516	-528	0.0516	-528	0.1662	-528
R266	0.0516	-530	0.0516	-530	0.0516	-530	0.0516	-530	0.0516	-530	0.0516	-530	0.1353	-530
R267	0.0516	-532	0.0516	-532	0.0516	-532	0.0516	-532	0.0516	-532	0.0516	-532	0.0977	-532
R268	0.0516	-534	0.0516	-534	0.0516	-534	0.0516	-534	0.0516	-534	0.0516	-534	0.0638	-534
R269	0.0516	-536	0.0516	-536	0.0516	-536	0.0516	-536	0.0516	-536	0.0516	-536	0.0526	-536
R270	0.0516	-538	0.0516	-538	0.0516	-538	0.0516	-538	0.0516	-538	0.0516	-538	0.0516	-538
R271	0.0516	-540	0.0516	-540	0.0516	-540	0.0516	-540	0.0516	-540	0.0516	-540	0.0516	-540
R272	0.0516	-542	0.0516	-542	0.0516	-542	0.0516	-542	0.0516	-542	0.0516	-542	0.0516	-542
R273	0.0516	-544	0.0516	-544	0.0516	-544	0.0516	-544	0.0516	-544	0.0516	-544	0.0516	-544
R274	0.0516	-546	0.0516	-546	0.0516	-546	0.0516	-546	0.0516	-546	0.0516	-546	0.0516	-546
R275	0.0516	-548	0.0516	-548	0.0516	-548	0.0516	-548	0.0516	-548	0.0516	-548	0.0516	-548
R276	0.0516	-550	0.0516	-550	0.0516	-550	0.0516	-550	0.0516	-550	0.0516	-550	0.0516	-550
R277	0.0516	-552	0.0516	-552	0.0516	-552	0.0516	-552	0.0516	-552	0.0516	-552	0.0516	-552
R278	0.0516	-554	0.0516	-554	0.0516	-554	0.0516	-554	0.0516	-554	0.0516	-554	0.0516	-554
R279	0.0516	-556	0.0516	-556	0.0516	-556	0.0516	-556	0.0516	-556	0.0516	-556	0.0516	-556
R280	0.0516	-558	0.0516	-558	0.0516	-558	0.0516	-558	0.0516	-558	0.0516	-558	0.0516	-558
R281	0.0516	-560	0.0516	-560	0.0516	-560	0.0516	-560	0.0516	-560	0.0516	-560	0.0516	-560
R282	0.0516	-562	0.0516	-562	0.0516	-562	0.0516	-562	0.0516	-562	0.0516	-562	0.0516	-562
R283	0.0516	-564	0.0516	-564	0.0516	-564	0.0516	-564	0.0516	-564	0.0516	-564	0.0516	-564
R284	0.0516	-566	0.0516	-566	0.0516	-566	0.0516	-566	0.0516	-566	0.0516	-566	0.0516	-566
R285	0.0516	-568	0.0516	-568	0.0516	-568	0.0516	-568	0.0516	-568	0.0516	-568	0.0516	-568
R286	0.0516	-570	0.0516	-570	0.0516	-570	0.0516	-570	0.0516	-570	0.0516	-570	0.0516	-570
R287	0.0516	-572	0.0516	-572	0.0516	-572	0.0516	-572	0.0516	-572	0.0516	-572	0.0516	-572
R288	0.0516	-574	0.0516	-574	0.0516	-574	0.0516	-574	0.0516	-574	0.0516	-574	0.0516	-574
R289	0.0516	-576	0.0516	-576	0.0516	-576	0.0516	-576	0.0516	-576	0.0516	-576	0.0516	-576
R290	0.0516	-578	0.0516	-578	0.0516	-578	0.0516	-578	0.0516	-578	0.0516	-578	0.0516	-578
R291	0.0516	-580	0.0516	-580	0.0516	-580	0.0516	-580	0.0516	-580	0.0516	-580	0.0516	-580
R292	0.0516	-582	0.0516	-582	0.0516	-582	0.0516	-582	0.0516	-582	0.0516	-582	0.0516	-582
R293	0.0516	-584	0.0516	-584	0.0516	-584	0.0516	-584	0.0516	-584	0.0516	-584	0.0516	-584
R294	0.0516	-586	0.0516	-586	0.0516	-586	0.0516	-586	0.0516	-586	0.0516	-586	0.0516	-586
R295	0.0516	-588	0.0516	-588	0.0516	-588	0.0516	-588	0.0516	-588	0.0516	-588	0.0516	-588
R296	0.0516	-590	0.0516	-590	0.0516	-590	0.0516	-590	0.0516	-590	0.0516	-590	0.0516	-590
R297	0.0516	-592	0.0516	-592	0.0516	-592	0.0516	-592	0.0516	-592	0.0516	-592	0.0516	-592
R298	0.0516	-594	0.0516	-594	0.0516	-594	0.0516	-594	0.0516	-594	0.0516	-594	0.0516	-594
R299	0.0516	-596	0.0516	-596	0.0516	-596	0.0516	-596	0.0516	-596	0.0516	-596	0.0516	-596
R300	0.0516	-598	0.0516	-598	0.0516	-598	0.0516	-598	0.0516	-598	0.0516	-598	0.0516	-598
R301	0.0516	-600	0.0516	-600	0.0516	-600	0.0516	-600	0.0516	-600	0.0516	-600	0.0516	-600