/*--------------------------------*- C++ -*----------------------------------*\
  =========                 |
  \\      /  F ield         | OpenFOAM: The Open Source CFD Toolbox
   \\    /   O peration     | Website:  https://openfoam.org
    \\  /    A nd           | Version:  7
     \\/     M anipulation  |
\*---------------------------------------------------------------------------*/
FoamFile
{
    version     2.0;
    format      ascii;
    class       vectorField;
    location    "constant/polyMesh";
    object      points;
}
// * * * * * * * * * * * * * * * * * * * * * * * * * * * * * * * * * * * * * //


1656
(
(0 0 0)
(0.08 0 0)
(0 0.08 0)
(0.08 0.08 0)
(0 0 0.00277378122)
(0.08 0 0.00277378122)
(0 0.08 0.00277378122)
(0.08 0.08 0.00277378122)
(0 0 0.005538244927)
(0.08 0 0.005538244927)
(0 0.08 0.005538244927)
(0.08 0.08 0.005538244927)
(0 0 0.00829342242)
(0.08 0 0.00829342242)
(0 0.08 0.00829342242)
(0.08 0.08 0.00829342242)
(0 0 0.01103934489)
(0.08 0 0.01103934489)
(0 0.08 0.01103934489)
(0.08 0.08 0.01103934489)
(0 0 0.01377604344)
(0.08 0 0.01377604344)
(0 0.08 0.01377604344)
(0.08 0.08 0.01377604344)
(0 0 0.01650354903)
(0.08 0 0.01650354903)
(0 0.08 0.01650354903)
(0.08 0.08 0.01650354903)
(0 0 0.01922189256)
(0.08 0 0.01922189256)
(0 0.08 0.01922189256)
(0.08 0.08 0.01922189256)
(0 0 0.0219311048)
(0.08 0 0.0219311048)
(0 0.08 0.0219311048)
(0.08 0.08 0.0219311048)
(0 0 0.02463121642)
(0.08 0 0.02463121642)
(0 0.08 0.02463121642)
(0.08 0.08 0.02463121642)
(0 0 0.02732225799)
(0.08 0 0.02732225799)
(0 0.08 0.02732225799)
(0.08 0.08 0.02732225799)
(0 0 0.03000425999)
(0.08 0 0.03000425999)
(0 0.08 0.03000425999)
(0.08 0.08 0.03000425999)
(0 0 0.03267725277)
(0.08 0 0.03267725277)
(0 0.08 0.03267725277)
(0.08 0.08 0.03267725277)
(0 0 0.03534126661)
(0.08 0 0.03534126661)
(0 0.08 0.03534126661)
(0.08 0.08 0.03534126661)
(0 0 0.03799633165)
(0.08 0 0.03799633165)
(0 0.08 0.03799633165)
(0.08 0.08 0.03799633165)
(0 0 0.04064247796)
(0.08 0 0.04064247796)
(0 0.08 0.04064247796)
(0.08 0.08 0.04064247796)
(0 0 0.04327973551)
(0.08 0 0.04327973551)
(0 0.08 0.04327973551)
(0.08 0.08 0.04327973551)
(0 0 0.04590813414)
(0.08 0 0.04590813414)
(0 0.08 0.04590813414)
(0.08 0.08 0.04590813414)
(0 0 0.04852770363)
(0.08 0 0.04852770363)
(0 0.08 0.04852770363)
(0.08 0.08 0.04852770363)
(0 0 0.05113847361)
(0.08 0 0.05113847361)
(0 0.08 0.05113847361)
(0.08 0.08 0.05113847361)
(0 0 0.05374047366)
(0.08 0 0.05374047366)
(0 0.08 0.05374047366)
(0.08 0.08 0.05374047366)
(0 0 0.05633373324)
(0.08 0 0.05633373324)
(0 0.08 0.05633373324)
(0.08 0.08 0.05633373324)
(0 0 0.0589182817)
(0.08 0 0.0589182817)
(0 0.08 0.0589182817)
(0.08 0.08 0.0589182817)
(0 0 0.06149414831)
(0.08 0 0.06149414831)
(0 0.08 0.06149414831)
(0.08 0.08 0.06149414831)
(0 0 0.06406136222)
(0.08 0 0.06406136222)
(0 0.08 0.06406136222)
(0.08 0.08 0.06406136222)
(0 0 0.06661995251)
(0.08 0 0.06661995251)
(0 0.08 0.06661995251)
(0.08 0.08 0.06661995251)
(0 0 0.06916994815)
(0.08 0 0.06916994815)
(0 0.08 0.06916994815)
(0.08 0.08 0.06916994815)
(0 0 0.071711378)
(0.08 0 0.071711378)
(0 0.08 0.071711378)
(0.08 0.08 0.071711378)
(0 0 0.07424427083)
(0.08 0 0.07424427083)
(0 0.08 0.07424427083)
(0.08 0.08 0.07424427083)
(0 0 0.07676865533)
(0.08 0 0.07676865533)
(0 0.08 0.07676865533)
(0.08 0.08 0.07676865533)
(0 0 0.07928456008)
(0.08 0 0.07928456008)
(0 0.08 0.07928456008)
(0.08 0.08 0.07928456008)
(0 0 0.08179201355)
(0.08 0 0.08179201355)
(0 0.08 0.08179201355)
(0.08 0.08 0.08179201355)
(0 0 0.08429104415)
(0.08 0 0.08429104415)
(0 0.08 0.08429104415)
(0.08 0.08 0.08429104415)
(0 0 0.08678168016)
(0.08 0 0.08678168016)
(0 0.08 0.08678168016)
(0.08 0.08 0.08678168016)
(0 0 0.08926394977)
(0.08 0 0.08926394977)
(0 0.08 0.08926394977)
(0.08 0.08 0.08926394977)
(0 0 0.09173788111)
(0.08 0 0.09173788111)
(0 0.08 0.09173788111)
(0.08 0.08 0.09173788111)
(0 0 0.09420350216)
(0.08 0 0.09420350216)
(0 0.08 0.09420350216)
(0.08 0.08 0.09420350216)
(0 0 0.09666084086)
(0.08 0 0.09666084086)
(0 0.08 0.09666084086)
(0.08 0.08 0.09666084086)
(0 0 0.09910992502)
(0.08 0 0.09910992502)
(0 0.08 0.09910992502)
(0.08 0.08 0.09910992502)
(0 0 0.1015507824)
(0.08 0 0.1015507824)
(0 0.08 0.1015507824)
(0.08 0.08 0.1015507824)
(0 0 0.1039834405)
(0.08 0 0.1039834405)
(0 0.08 0.1039834405)
(0.08 0.08 0.1039834405)
(0 0 0.1064079271)
(0.08 0 0.1064079271)
(0 0.08 0.1064079271)
(0.08 0.08 0.1064079271)
(0 0 0.1088242694)
(0.08 0 0.1088242694)
(0 0.08 0.1088242694)
(0.08 0.08 0.1088242694)
(0 0 0.111232495)
(0.08 0 0.111232495)
(0 0.08 0.111232495)
(0.08 0.08 0.111232495)
(0 0 0.1136326309)
(0.08 0 0.1136326309)
(0 0.08 0.1136326309)
(0.08 0.08 0.1136326309)
(0 0 0.1160247045)
(0.08 0 0.1160247045)
(0 0.08 0.1160247045)
(0.08 0.08 0.1160247045)
(0 0 0.1184087428)
(0.08 0 0.1184087428)
(0 0.08 0.1184087428)
(0.08 0.08 0.1184087428)
(0 0 0.1207847727)
(0.08 0 0.1207847727)
(0 0.08 0.1207847727)
(0.08 0.08 0.1207847727)
(0 0 0.1231528213)
(0.08 0 0.1231528213)
(0 0.08 0.1231528213)
(0.08 0.08 0.1231528213)
(0 0 0.1255129152)
(0.08 0 0.1255129152)
(0 0.08 0.1255129152)
(0.08 0.08 0.1255129152)
(0 0 0.1278650813)
(0.08 0 0.1278650813)
(0 0.08 0.1278650813)
(0.08 0.08 0.1278650813)
(0 0 0.1302093461)
(0.08 0 0.1302093461)
(0 0.08 0.1302093461)
(0.08 0.08 0.1302093461)
(0 0 0.1325457363)
(0.08 0 0.1325457363)
(0 0.08 0.1325457363)
(0.08 0.08 0.1325457363)
(0 0 0.1348742781)
(0.08 0 0.1348742781)
(0 0.08 0.1348742781)
(0.08 0.08 0.1348742781)
(0 0 0.1371949981)
(0.08 0 0.1371949981)
(0 0.08 0.1371949981)
(0.08 0.08 0.1371949981)
(0 0 0.1395079224)
(0.08 0 0.1395079224)
(0 0.08 0.1395079224)
(0.08 0.08 0.1395079224)
(0 0 0.1418130773)
(0.08 0 0.1418130773)
(0 0.08 0.1418130773)
(0.08 0.08 0.1418130773)
(0 0 0.1441104889)
(0.08 0 0.1441104889)
(0 0.08 0.1441104889)
(0.08 0.08 0.1441104889)
(0 0 0.1464001832)
(0.08 0 0.1464001832)
(0 0.08 0.1464001832)
(0.08 0.08 0.1464001832)
(0 0 0.148682186)
(0.08 0 0.148682186)
(0 0.08 0.148682186)
(0.08 0.08 0.148682186)
(0 0 0.1509565234)
(0.08 0 0.1509565234)
(0 0.08 0.1509565234)
(0.08 0.08 0.1509565234)
(0 0 0.1532232208)
(0.08 0 0.1532232208)
(0 0.08 0.1532232208)
(0.08 0.08 0.1532232208)
(0 0 0.1554823042)
(0.08 0 0.1554823042)
(0 0.08 0.1554823042)
(0.08 0.08 0.1554823042)
(0 0 0.157733799)
(0.08 0 0.157733799)
(0 0.08 0.157733799)
(0.08 0.08 0.157733799)
(0 0 0.1599777306)
(0.08 0 0.1599777306)
(0 0.08 0.1599777306)
(0.08 0.08 0.1599777306)
(0 0 0.1622141247)
(0.08 0 0.1622141247)
(0 0.08 0.1622141247)
(0.08 0.08 0.1622141247)
(0 0 0.1644430063)
(0.08 0 0.1644430063)
(0 0.08 0.1644430063)
(0.08 0.08 0.1644430063)
(0 0 0.1666644009)
(0.08 0 0.1666644009)
(0 0.08 0.1666644009)
(0.08 0.08 0.1666644009)
(0 0 0.1688783334)
(0.08 0 0.1688783334)
(0 0.08 0.1688783334)
(0.08 0.08 0.1688783334)
(0 0 0.1710848291)
(0.08 0 0.1710848291)
(0 0.08 0.1710848291)
(0.08 0.08 0.1710848291)
(0 0 0.1732839128)
(0.08 0 0.1732839128)
(0 0.08 0.1732839128)
(0.08 0.08 0.1732839128)
(0 0 0.1754756096)
(0.08 0 0.1754756096)
(0 0.08 0.1754756096)
(0.08 0.08 0.1754756096)
(0 0 0.1776599441)
(0.08 0 0.1776599441)
(0 0.08 0.1776599441)
(0.08 0.08 0.1776599441)
(0 0 0.1798369411)
(0.08 0 0.1798369411)
(0 0.08 0.1798369411)
(0.08 0.08 0.1798369411)
(0 0 0.1820066253)
(0.08 0 0.1820066253)
(0 0.08 0.1820066253)
(0.08 0.08 0.1820066253)
(0 0 0.1841690212)
(0.08 0 0.1841690212)
(0 0.08 0.1841690212)
(0.08 0.08 0.1841690212)
(0 0 0.1863241534)
(0.08 0 0.1863241534)
(0 0.08 0.1863241534)
(0.08 0.08 0.1863241534)
(0 0 0.1884720461)
(0.08 0 0.1884720461)
(0 0.08 0.1884720461)
(0.08 0.08 0.1884720461)
(0 0 0.1906127238)
(0.08 0 0.1906127238)
(0 0.08 0.1906127238)
(0.08 0.08 0.1906127238)
(0 0 0.1927462107)
(0.08 0 0.1927462107)
(0 0.08 0.1927462107)
(0.08 0.08 0.1927462107)
(0 0 0.1948725308)
(0.08 0 0.1948725308)
(0 0.08 0.1948725308)
(0.08 0.08 0.1948725308)
(0 0 0.1969917084)
(0.08 0 0.1969917084)
(0 0.08 0.1969917084)
(0.08 0.08 0.1969917084)
(0 0 0.1991037674)
(0.08 0 0.1991037674)
(0 0.08 0.1991037674)
(0.08 0.08 0.1991037674)
(0 0 0.2012087317)
(0.08 0 0.2012087317)
(0 0.08 0.2012087317)
(0.08 0.08 0.2012087317)
(0 0 0.2033066251)
(0.08 0 0.2033066251)
(0 0.08 0.2033066251)
(0.08 0.08 0.2033066251)
(0 0 0.2053974714)
(0.08 0 0.2053974714)
(0 0.08 0.2053974714)
(0.08 0.08 0.2053974714)
(0 0 0.2074812942)
(0.08 0 0.2074812942)
(0 0.08 0.2074812942)
(0.08 0.08 0.2074812942)
(0 0 0.2095581172)
(0.08 0 0.2095581172)
(0 0.08 0.2095581172)
(0.08 0.08 0.2095581172)
(0 0 0.2116279639)
(0.08 0 0.2116279639)
(0 0.08 0.2116279639)
(0.08 0.08 0.2116279639)
(0 0 0.2136908577)
(0.08 0 0.2136908577)
(0 0.08 0.2136908577)
(0.08 0.08 0.2136908577)
(0 0 0.2157468219)
(0.08 0 0.2157468219)
(0 0.08 0.2157468219)
(0.08 0.08 0.2157468219)
(0 0 0.2177958799)
(0.08 0 0.2177958799)
(0 0.08 0.2177958799)
(0.08 0.08 0.2177958799)
(0 0 0.2198380548)
(0.08 0 0.2198380548)
(0 0.08 0.2198380548)
(0.08 0.08 0.2198380548)
(0 0 0.2218733697)
(0.08 0 0.2218733697)
(0 0.08 0.2218733697)
(0.08 0.08 0.2218733697)
(0 0 0.2239018478)
(0.08 0 0.2239018478)
(0 0.08 0.2239018478)
(0.08 0.08 0.2239018478)
(0 0 0.2259235119)
(0.08 0 0.2259235119)
(0 0.08 0.2259235119)
(0.08 0.08 0.2259235119)
(0 0 0.227938385)
(0.08 0 0.227938385)
(0 0.08 0.227938385)
(0.08 0.08 0.227938385)
(0 0 0.2299464898)
(0.08 0 0.2299464898)
(0 0.08 0.2299464898)
(0.08 0.08 0.2299464898)
(0 0 0.2319478491)
(0.08 0 0.2319478491)
(0 0.08 0.2319478491)
(0.08 0.08 0.2319478491)
(0 0 0.2339424856)
(0.08 0 0.2339424856)
(0 0.08 0.2339424856)
(0.08 0.08 0.2339424856)
(0 0 0.2359304218)
(0.08 0 0.2359304218)
(0 0.08 0.2359304218)
(0.08 0.08 0.2359304218)
(0 0 0.2379116803)
(0.08 0 0.2379116803)
(0 0.08 0.2379116803)
(0.08 0.08 0.2379116803)
(0 0 0.2398862835)
(0.08 0 0.2398862835)
(0 0.08 0.2398862835)
(0.08 0.08 0.2398862835)
(0 0 0.2418542536)
(0.08 0 0.2418542536)
(0 0.08 0.2418542536)
(0.08 0.08 0.2418542536)
(0 0 0.2438156132)
(0.08 0 0.2438156132)
(0 0.08 0.2438156132)
(0.08 0.08 0.2438156132)
(0 0 0.2457703842)
(0.08 0 0.2457703842)
(0 0.08 0.2457703842)
(0.08 0.08 0.2457703842)
(0 0 0.2477185889)
(0.08 0 0.2477185889)
(0 0.08 0.2477185889)
(0.08 0.08 0.2477185889)
(0 0 0.2496602493)
(0.08 0 0.2496602493)
(0 0.08 0.2496602493)
(0.08 0.08 0.2496602493)
(0 0 0.2515953874)
(0.08 0 0.2515953874)
(0 0.08 0.2515953874)
(0.08 0.08 0.2515953874)
(0 0 0.2535240251)
(0.08 0 0.2535240251)
(0 0.08 0.2535240251)
(0.08 0.08 0.2535240251)
(0 0 0.2554461842)
(0.08 0 0.2554461842)
(0 0.08 0.2554461842)
(0.08 0.08 0.2554461842)
(0 0 0.2573618866)
(0.08 0 0.2573618866)
(0 0.08 0.2573618866)
(0.08 0.08 0.2573618866)
(0 0 0.2592711538)
(0.08 0 0.2592711538)
(0 0.08 0.2592711538)
(0.08 0.08 0.2592711538)
(0 0 0.2611740076)
(0.08 0 0.2611740076)
(0 0.08 0.2611740076)
(0.08 0.08 0.2611740076)
(0 0 0.2630704694)
(0.08 0 0.2630704694)
(0 0.08 0.2630704694)
(0.08 0.08 0.2630704694)
(0 0 0.2649605607)
(0.08 0 0.2649605607)
(0 0.08 0.2649605607)
(0.08 0.08 0.2649605607)
(0 0 0.2668443029)
(0.08 0 0.2668443029)
(0 0.08 0.2668443029)
(0.08 0.08 0.2668443029)
(0 0 0.2687217174)
(0.08 0 0.2687217174)
(0 0.08 0.2687217174)
(0.08 0.08 0.2687217174)
(0 0 0.2705928254)
(0.08 0 0.2705928254)
(0 0.08 0.2705928254)
(0.08 0.08 0.2705928254)
(0 0 0.2724576481)
(0.08 0 0.2724576481)
(0 0.08 0.2724576481)
(0.08 0.08 0.2724576481)
(0 0 0.2743162066)
(0.08 0 0.2743162066)
(0 0.08 0.2743162066)
(0.08 0.08 0.2743162066)
(0 0 0.276168522)
(0.08 0 0.276168522)
(0 0.08 0.276168522)
(0.08 0.08 0.276168522)
(0 0 0.2780146151)
(0.08 0 0.2780146151)
(0 0.08 0.2780146151)
(0.08 0.08 0.2780146151)
(0 0 0.279854507)
(0.08 0 0.279854507)
(0 0.08 0.279854507)
(0.08 0.08 0.279854507)
(0 0 0.2816882184)
(0.08 0 0.2816882184)
(0 0.08 0.2816882184)
(0.08 0.08 0.2816882184)
(0 0 0.2835157702)
(0.08 0 0.2835157702)
(0 0.08 0.2835157702)
(0.08 0.08 0.2835157702)
(0 0 0.2853371829)
(0.08 0 0.2853371829)
(0 0.08 0.2853371829)
(0.08 0.08 0.2853371829)
(0 0 0.2871524773)
(0.08 0 0.2871524773)
(0 0.08 0.2871524773)
(0.08 0.08 0.2871524773)
(0 0 0.2889616738)
(0.08 0 0.2889616738)
(0 0.08 0.2889616738)
(0.08 0.08 0.2889616738)
(0 0 0.290764793)
(0.08 0 0.290764793)
(0 0.08 0.290764793)
(0.08 0.08 0.290764793)
(0 0 0.2925618553)
(0.08 0 0.2925618553)
(0 0.08 0.2925618553)
(0.08 0.08 0.2925618553)
(0 0 0.294352881)
(0.08 0 0.294352881)
(0 0.08 0.294352881)
(0.08 0.08 0.294352881)
(0 0 0.2961378904)
(0.08 0 0.2961378904)
(0 0.08 0.2961378904)
(0.08 0.08 0.2961378904)
(0 0 0.2979169037)
(0.08 0 0.2979169037)
(0 0.08 0.2979169037)
(0.08 0.08 0.2979169037)
(0 0 0.2996899411)
(0.08 0 0.2996899411)
(0 0.08 0.2996899411)
(0.08 0.08 0.2996899411)
(0 0 0.3014570226)
(0.08 0 0.3014570226)
(0 0.08 0.3014570226)
(0.08 0.08 0.3014570226)
(0 0 0.3032181682)
(0.08 0 0.3032181682)
(0 0.08 0.3032181682)
(0.08 0.08 0.3032181682)
(0 0 0.3049733978)
(0.08 0 0.3049733978)
(0 0.08 0.3049733978)
(0.08 0.08 0.3049733978)
(0 0 0.3067227315)
(0.08 0 0.3067227315)
(0 0.08 0.3067227315)
(0.08 0.08 0.3067227315)
(0 0 0.3084661888)
(0.08 0 0.3084661888)
(0 0.08 0.3084661888)
(0.08 0.08 0.3084661888)
(0 0 0.3102037897)
(0.08 0 0.3102037897)
(0 0.08 0.3102037897)
(0.08 0.08 0.3102037897)
(0 0 0.3119355537)
(0.08 0 0.3119355537)
(0 0.08 0.3119355537)
(0.08 0.08 0.3119355537)
(0 0 0.3136615005)
(0.08 0 0.3136615005)
(0 0.08 0.3136615005)
(0.08 0.08 0.3136615005)
(0 0 0.3153816496)
(0.08 0 0.3153816496)
(0 0.08 0.3153816496)
(0.08 0.08 0.3153816496)
(0 0 0.3170960205)
(0.08 0 0.3170960205)
(0 0.08 0.3170960205)
(0.08 0.08 0.3170960205)
(0 0 0.3188046325)
(0.08 0 0.3188046325)
(0 0.08 0.3188046325)
(0.08 0.08 0.3188046325)
(0 0 0.3205075051)
(0.08 0 0.3205075051)
(0 0.08 0.3205075051)
(0.08 0.08 0.3205075051)
(0 0 0.3222046575)
(0.08 0 0.3222046575)
(0 0.08 0.3222046575)
(0.08 0.08 0.3222046575)
(0 0 0.323896109)
(0.08 0 0.323896109)
(0 0.08 0.323896109)
(0.08 0.08 0.323896109)
(0 0 0.3255818786)
(0.08 0 0.3255818786)
(0 0.08 0.3255818786)
(0.08 0.08 0.3255818786)
(0 0 0.3272619855)
(0.08 0 0.3272619855)
(0 0.08 0.3272619855)
(0.08 0.08 0.3272619855)
(0 0 0.3289364487)
(0.08 0 0.3289364487)
(0 0.08 0.3289364487)
(0.08 0.08 0.3289364487)
(0 0 0.3306052871)
(0.08 0 0.3306052871)
(0 0.08 0.3306052871)
(0.08 0.08 0.3306052871)
(0 0 0.3322685197)
(0.08 0 0.3322685197)
(0 0.08 0.3322685197)
(0.08 0.08 0.3322685197)
(0 0 0.3339261653)
(0.08 0 0.3339261653)
(0 0.08 0.3339261653)
(0.08 0.08 0.3339261653)
(0 0 0.3355782426)
(0.08 0 0.3355782426)
(0 0.08 0.3355782426)
(0.08 0.08 0.3355782426)
(0 0 0.3372247703)
(0.08 0 0.3372247703)
(0 0.08 0.3372247703)
(0.08 0.08 0.3372247703)
(0 0 0.3388657671)
(0.08 0 0.3388657671)
(0 0.08 0.3388657671)
(0.08 0.08 0.3388657671)
(0 0 0.3405012516)
(0.08 0 0.3405012516)
(0 0.08 0.3405012516)
(0.08 0.08 0.3405012516)
(0 0 0.3421312423)
(0.08 0 0.3421312423)
(0 0.08 0.3421312423)
(0.08 0.08 0.3421312423)
(0 0 0.3437557576)
(0.08 0 0.3437557576)
(0 0.08 0.3437557576)
(0.08 0.08 0.3437557576)
(0 0 0.3453748159)
(0.08 0 0.3453748159)
(0 0.08 0.3453748159)
(0.08 0.08 0.3453748159)
(0 0 0.3469884356)
(0.08 0 0.3469884356)
(0 0.08 0.3469884356)
(0.08 0.08 0.3469884356)
(0 0 0.348596635)
(0.08 0 0.348596635)
(0 0.08 0.348596635)
(0.08 0.08 0.348596635)
(0 0 0.3501994321)
(0.08 0 0.3501994321)
(0 0.08 0.3501994321)
(0.08 0.08 0.3501994321)
(0 0 0.3517968453)
(0.08 0 0.3517968453)
(0 0.08 0.3517968453)
(0.08 0.08 0.3517968453)
(0 0 0.3533888925)
(0.08 0 0.3533888925)
(0 0.08 0.3533888925)
(0.08 0.08 0.3533888925)
(0 0 0.3549755918)
(0.08 0 0.3549755918)
(0 0.08 0.3549755918)
(0.08 0.08 0.3549755918)
(0 0 0.3565569612)
(0.08 0 0.3565569612)
(0 0.08 0.3565569612)
(0.08 0.08 0.3565569612)
(0 0 0.3581330185)
(0.08 0 0.3581330185)
(0 0.08 0.3581330185)
(0.08 0.08 0.3581330185)
(0 0 0.3597037817)
(0.08 0 0.3597037817)
(0 0.08 0.3597037817)
(0.08 0.08 0.3597037817)
(0 0 0.3612692684)
(0.08 0 0.3612692684)
(0 0.08 0.3612692684)
(0.08 0.08 0.3612692684)
(0 0 0.3628294965)
(0.08 0 0.3628294965)
(0 0.08 0.3628294965)
(0.08 0.08 0.3628294965)
(0 0 0.3643844835)
(0.08 0 0.3643844835)
(0 0.08 0.3643844835)
(0.08 0.08 0.3643844835)
(0 0 0.3659342471)
(0.08 0 0.3659342471)
(0 0.08 0.3659342471)
(0.08 0.08 0.3659342471)
(0 0 0.3674788048)
(0.08 0 0.3674788048)
(0 0.08 0.3674788048)
(0.08 0.08 0.3674788048)
(0 0 0.3690181742)
(0.08 0 0.3690181742)
(0 0.08 0.3690181742)
(0.08 0.08 0.3690181742)
(0 0 0.3705523726)
(0.08 0 0.3705523726)
(0 0.08 0.3705523726)
(0.08 0.08 0.3705523726)
(0 0 0.3720814174)
(0.08 0 0.3720814174)
(0 0.08 0.3720814174)
(0.08 0.08 0.3720814174)
(0 0 0.373605326)
(0.08 0 0.373605326)
(0 0.08 0.373605326)
(0.08 0.08 0.373605326)
(0 0 0.3751241155)
(0.08 0 0.3751241155)
(0 0.08 0.3751241155)
(0.08 0.08 0.3751241155)
(0 0 0.3766378032)
(0.08 0 0.3766378032)
(0 0.08 0.3766378032)
(0.08 0.08 0.3766378032)
(0 0 0.3781464063)
(0.08 0 0.3781464063)
(0 0.08 0.3781464063)
(0.08 0.08 0.3781464063)
(0 0 0.3796499417)
(0.08 0 0.3796499417)
(0 0.08 0.3796499417)
(0.08 0.08 0.3796499417)
(0 0 0.3811484265)
(0.08 0 0.3811484265)
(0 0.08 0.3811484265)
(0.08 0.08 0.3811484265)
(0 0 0.3826418777)
(0.08 0 0.3826418777)
(0 0.08 0.3826418777)
(0.08 0.08 0.3826418777)
(0 0 0.3841303122)
(0.08 0 0.3841303122)
(0 0.08 0.3841303122)
(0.08 0.08 0.3841303122)
(0 0 0.3856137469)
(0.08 0 0.3856137469)
(0 0.08 0.3856137469)
(0.08 0.08 0.3856137469)
(0 0 0.3870921985)
(0.08 0 0.3870921985)
(0 0.08 0.3870921985)
(0.08 0.08 0.3870921985)
(0 0 0.3885656838)
(0.08 0 0.3885656838)
(0 0.08 0.3885656838)
(0.08 0.08 0.3885656838)
(0 0 0.3900342194)
(0.08 0 0.3900342194)
(0 0.08 0.3900342194)
(0.08 0.08 0.3900342194)
(0 0 0.391497822)
(0.08 0 0.391497822)
(0 0.08 0.391497822)
(0.08 0.08 0.391497822)
(0 0 0.3929565082)
(0.08 0 0.3929565082)
(0 0.08 0.3929565082)
(0.08 0.08 0.3929565082)
(0 0 0.3944102944)
(0.08 0 0.3944102944)
(0 0.08 0.3944102944)
(0.08 0.08 0.3944102944)
(0 0 0.3958591972)
(0.08 0 0.3958591972)
(0 0.08 0.3958591972)
(0.08 0.08 0.3958591972)
(0 0 0.3973032329)
(0.08 0 0.3973032329)
(0 0.08 0.3973032329)
(0.08 0.08 0.3973032329)
(0 0 0.398742418)
(0.08 0 0.398742418)
(0 0.08 0.398742418)
(0.08 0.08 0.398742418)
(0 0 0.4001767685)
(0.08 0 0.4001767685)
(0 0.08 0.4001767685)
(0.08 0.08 0.4001767685)
(0 0 0.4016063009)
(0.08 0 0.4016063009)
(0 0.08 0.4016063009)
(0.08 0.08 0.4016063009)
(0 0 0.4030310313)
(0.08 0 0.4030310313)
(0 0.08 0.4030310313)
(0.08 0.08 0.4030310313)
(0 0 0.4044509759)
(0.08 0 0.4044509759)
(0 0.08 0.4044509759)
(0.08 0.08 0.4044509759)
(0 0 0.4058661506)
(0.08 0 0.4058661506)
(0 0.08 0.4058661506)
(0.08 0.08 0.4058661506)
(0 0 0.4072765716)
(0.08 0 0.4072765716)
(0 0.08 0.4072765716)
(0.08 0.08 0.4072765716)
(0 0 0.4086822548)
(0.08 0 0.4086822548)
(0 0.08 0.4086822548)
(0.08 0.08 0.4086822548)
(0 0 0.4100832161)
(0.08 0 0.4100832161)
(0 0.08 0.4100832161)
(0.08 0.08 0.4100832161)
(0 0 0.4114794714)
(0.08 0 0.4114794714)
(0 0.08 0.4114794714)
(0.08 0.08 0.4114794714)
(0 0 0.4128710365)
(0.08 0 0.4128710365)
(0 0.08 0.4128710365)
(0.08 0.08 0.4128710365)
(0 0 0.4142579271)
(0.08 0 0.4142579271)
(0 0.08 0.4142579271)
(0.08 0.08 0.4142579271)
(0 0 0.4156401589)
(0.08 0 0.4156401589)
(0 0.08 0.4156401589)
(0.08 0.08 0.4156401589)
(0 0 0.4170177477)
(0.08 0 0.4170177477)
(0 0.08 0.4170177477)
(0.08 0.08 0.4170177477)
(0 0 0.4183907089)
(0.08 0 0.4183907089)
(0 0.08 0.4183907089)
(0.08 0.08 0.4183907089)
(0 0 0.4197590582)
(0.08 0 0.4197590582)
(0 0.08 0.4197590582)
(0.08 0.08 0.4197590582)
(0 0 0.421122811)
(0.08 0 0.421122811)
(0 0.08 0.421122811)
(0.08 0.08 0.421122811)
(0 0 0.4224819827)
(0.08 0 0.4224819827)
(0 0.08 0.4224819827)
(0.08 0.08 0.4224819827)
(0 0 0.4238365889)
(0.08 0 0.4238365889)
(0 0.08 0.4238365889)
(0.08 0.08 0.4238365889)
(0 0 0.4251866447)
(0.08 0 0.4251866447)
(0 0.08 0.4251866447)
(0.08 0.08 0.4251866447)
(0 0 0.4265321655)
(0.08 0 0.4265321655)
(0 0.08 0.4265321655)
(0.08 0.08 0.4265321655)
(0 0 0.4278731665)
(0.08 0 0.4278731665)
(0 0.08 0.4278731665)
(0.08 0.08 0.4278731665)
(0 0 0.4292096629)
(0.08 0 0.4292096629)
(0 0.08 0.4292096629)
(0.08 0.08 0.4292096629)
(0 0 0.4305416698)
(0.08 0 0.4305416698)
(0 0.08 0.4305416698)
(0.08 0.08 0.4305416698)
(0 0 0.4318692023)
(0.08 0 0.4318692023)
(0 0.08 0.4318692023)
(0.08 0.08 0.4318692023)
(0 0 0.4331922754)
(0.08 0 0.4331922754)
(0 0.08 0.4331922754)
(0.08 0.08 0.4331922754)
(0 0 0.4345109042)
(0.08 0 0.4345109042)
(0 0.08 0.4345109042)
(0.08 0.08 0.4345109042)
(0 0 0.4358251035)
(0.08 0 0.4358251035)
(0 0.08 0.4358251035)
(0.08 0.08 0.4358251035)
(0 0 0.4371348883)
(0.08 0 0.4371348883)
(0 0.08 0.4371348883)
(0.08 0.08 0.4371348883)
(0 0 0.4384402733)
(0.08 0 0.4384402733)
(0 0.08 0.4384402733)
(0.08 0.08 0.4384402733)
(0 0 0.4397412733)
(0.08 0 0.4397412733)
(0 0.08 0.4397412733)
(0.08 0.08 0.4397412733)
(0 0 0.4410379031)
(0.08 0 0.4410379031)
(0 0.08 0.4410379031)
(0.08 0.08 0.4410379031)
(0 0 0.4423301773)
(0.08 0 0.4423301773)
(0 0.08 0.4423301773)
(0.08 0.08 0.4423301773)
(0 0 0.4436181106)
(0.08 0 0.4436181106)
(0 0.08 0.4436181106)
(0.08 0.08 0.4436181106)
(0 0 0.4449017176)
(0.08 0 0.4449017176)
(0 0.08 0.4449017176)
(0.08 0.08 0.4449017176)
(0 0 0.4461810127)
(0.08 0 0.4461810127)
(0 0.08 0.4461810127)
(0.08 0.08 0.4461810127)
(0 0 0.4474560105)
(0.08 0 0.4474560105)
(0 0.08 0.4474560105)
(0.08 0.08 0.4474560105)
(0 0 0.4487267255)
(0.08 0 0.4487267255)
(0 0.08 0.4487267255)
(0.08 0.08 0.4487267255)
(0 0 0.4499931719)
(0.08 0 0.4499931719)
(0 0.08 0.4499931719)
(0.08 0.08 0.4499931719)
(0 0 0.4512553641)
(0.08 0 0.4512553641)
(0 0.08 0.4512553641)
(0.08 0.08 0.4512553641)
(0 0 0.4525133165)
(0.08 0 0.4525133165)
(0 0.08 0.4525133165)
(0.08 0.08 0.4525133165)
(0 0 0.4537670432)
(0.08 0 0.4537670432)
(0 0.08 0.4537670432)
(0.08 0.08 0.4537670432)
(0 0 0.4550165585)
(0.08 0 0.4550165585)
(0 0.08 0.4550165585)
(0.08 0.08 0.4550165585)
(0 0 0.4562618765)
(0.08 0 0.4562618765)
(0 0.08 0.4562618765)
(0.08 0.08 0.4562618765)
(0 0 0.4575030113)
(0.08 0 0.4575030113)
(0 0.08 0.4575030113)
(0.08 0.08 0.4575030113)
(0 0 0.458739977)
(0.08 0 0.458739977)
(0 0.08 0.458739977)
(0.08 0.08 0.458739977)
(0 0 0.4599727875)
(0.08 0 0.4599727875)
(0 0.08 0.4599727875)
(0.08 0.08 0.4599727875)
(0 0 0.4612014569)
(0.08 0 0.4612014569)
(0 0.08 0.4612014569)
(0.08 0.08 0.4612014569)
(0 0 0.462425999)
(0.08 0 0.462425999)
(0 0.08 0.462425999)
(0.08 0.08 0.462425999)
(0 0 0.4636464276)
(0.08 0 0.4636464276)
(0 0.08 0.4636464276)
(0.08 0.08 0.4636464276)
(0 0 0.4648627567)
(0.08 0 0.4648627567)
(0 0.08 0.4648627567)
(0.08 0.08 0.4648627567)
(0 0 0.466075)
(0.08 0 0.466075)
(0 0.08 0.466075)
(0.08 0.08 0.466075)
(0 0 0.4672831712)
(0.08 0 0.4672831712)
(0 0.08 0.4672831712)
(0.08 0.08 0.4672831712)
(0 0 0.4684872839)
(0.08 0 0.4684872839)
(0 0.08 0.4684872839)
(0.08 0.08 0.4684872839)
(0 0 0.4696873519)
(0.08 0 0.4696873519)
(0 0.08 0.4696873519)
(0.08 0.08 0.4696873519)
(0 0 0.4708833887)
(0.08 0 0.4708833887)
(0 0.08 0.4708833887)
(0.08 0.08 0.4708833887)
(0 0 0.4720754079)
(0.08 0 0.4720754079)
(0 0.08 0.4720754079)
(0.08 0.08 0.4720754079)
(0 0 0.4732634228)
(0.08 0 0.4732634228)
(0 0.08 0.4732634228)
(0.08 0.08 0.4732634228)
(0 0 0.4744474471)
(0.08 0 0.4744474471)
(0 0.08 0.4744474471)
(0.08 0.08 0.4744474471)
(0 0 0.4756274941)
(0.08 0 0.4756274941)
(0 0.08 0.4756274941)
(0.08 0.08 0.4756274941)
(0 0 0.4768035771)
(0.08 0 0.4768035771)
(0 0.08 0.4768035771)
(0.08 0.08 0.4768035771)
(0 0 0.4779757095)
(0.08 0 0.4779757095)
(0 0.08 0.4779757095)
(0.08 0.08 0.4779757095)
(0 0 0.4791439046)
(0.08 0 0.4791439046)
(0 0.08 0.4791439046)
(0.08 0.08 0.4791439046)
(0 0 0.4803081755)
(0.08 0 0.4803081755)
(0 0.08 0.4803081755)
(0.08 0.08 0.4803081755)
(0 0 0.4814685355)
(0.08 0 0.4814685355)
(0 0.08 0.4814685355)
(0.08 0.08 0.4814685355)
(0 0 0.4826249977)
(0.08 0 0.4826249977)
(0 0.08 0.4826249977)
(0.08 0.08 0.4826249977)
(0 0 0.4837775751)
(0.08 0 0.4837775751)
(0 0.08 0.4837775751)
(0.08 0.08 0.4837775751)
(0 0 0.4849262809)
(0.08 0 0.4849262809)
(0 0.08 0.4849262809)
(0.08 0.08 0.4849262809)
(0 0 0.4860711281)
(0.08 0 0.4860711281)
(0 0.08 0.4860711281)
(0.08 0.08 0.4860711281)
(0 0 0.4872121295)
(0.08 0 0.4872121295)
(0 0.08 0.4872121295)
(0.08 0.08 0.4872121295)
(0 0 0.4883492981)
(0.08 0 0.4883492981)
(0 0.08 0.4883492981)
(0.08 0.08 0.4883492981)
(0 0 0.4894826469)
(0.08 0 0.4894826469)
(0 0.08 0.4894826469)
(0.08 0.08 0.4894826469)
(0 0 0.4906121886)
(0.08 0 0.4906121886)
(0 0.08 0.4906121886)
(0.08 0.08 0.4906121886)
(0 0 0.4917379359)
(0.08 0 0.4917379359)
(0 0.08 0.4917379359)
(0.08 0.08 0.4917379359)
(0 0 0.4928599018)
(0.08 0 0.4928599018)
(0 0.08 0.4928599018)
(0.08 0.08 0.4928599018)
(0 0 0.4939780988)
(0.08 0 0.4939780988)
(0 0.08 0.4939780988)
(0.08 0.08 0.4939780988)
(0 0 0.4950925396)
(0.08 0 0.4950925396)
(0 0.08 0.4950925396)
(0.08 0.08 0.4950925396)
(0 0 0.4962032369)
(0.08 0 0.4962032369)
(0 0.08 0.4962032369)
(0.08 0.08 0.4962032369)
(0 0 0.4973102032)
(0.08 0 0.4973102032)
(0 0.08 0.4973102032)
(0.08 0.08 0.4973102032)
(0 0 0.498413451)
(0.08 0 0.498413451)
(0 0.08 0.498413451)
(0.08 0.08 0.498413451)
(0 0 0.4995129929)
(0.08 0 0.4995129929)
(0 0.08 0.4995129929)
(0.08 0.08 0.4995129929)
(0 0 0.5006088412)
(0.08 0 0.5006088412)
(0 0.08 0.5006088412)
(0.08 0.08 0.5006088412)
(0 0 0.5017010085)
(0.08 0 0.5017010085)
(0 0.08 0.5017010085)
(0.08 0.08 0.5017010085)
(0 0 0.502789507)
(0.08 0 0.502789507)
(0 0.08 0.502789507)
(0.08 0.08 0.502789507)
(0 0 0.5038743491)
(0.08 0 0.5038743491)
(0 0.08 0.5038743491)
(0.08 0.08 0.5038743491)
(0 0 0.5049555471)
(0.08 0 0.5049555471)
(0 0.08 0.5049555471)
(0.08 0.08 0.5049555471)
(0 0 0.5060331131)
(0.08 0 0.5060331131)
(0 0.08 0.5060331131)
(0.08 0.08 0.5060331131)
(0 0 0.5071070595)
(0.08 0 0.5071070595)
(0 0.08 0.5071070595)
(0.08 0.08 0.5071070595)
(0 0 0.5081773984)
(0.08 0 0.5081773984)
(0 0.08 0.5081773984)
(0.08 0.08 0.5081773984)
(0 0 0.5092441418)
(0.08 0 0.5092441418)
(0 0.08 0.5092441418)
(0.08 0.08 0.5092441418)
(0 0 0.5103073019)
(0.08 0 0.5103073019)
(0 0.08 0.5103073019)
(0.08 0.08 0.5103073019)
(0 0 0.5113668907)
(0.08 0 0.5113668907)
(0 0.08 0.5113668907)
(0.08 0.08 0.5113668907)
(0 0 0.5124229202)
(0.08 0 0.5124229202)
(0 0.08 0.5124229202)
(0.08 0.08 0.5124229202)
(0 0 0.5134754023)
(0.08 0 0.5134754023)
(0 0.08 0.5134754023)
(0.08 0.08 0.5134754023)
(0 0 0.514524349)
(0.08 0 0.514524349)
(0 0.08 0.514524349)
(0.08 0.08 0.514524349)
(0 0 0.5155697721)
(0.08 0 0.5155697721)
(0 0.08 0.5155697721)
(0.08 0.08 0.5155697721)
(0 0 0.5166116836)
(0.08 0 0.5166116836)
(0 0.08 0.5166116836)
(0.08 0.08 0.5166116836)
(0 0 0.5176500951)
(0.08 0 0.5176500951)
(0 0.08 0.5176500951)
(0.08 0.08 0.5176500951)
(0 0 0.5186850184)
(0.08 0 0.5186850184)
(0 0.08 0.5186850184)
(0.08 0.08 0.5186850184)
(0 0 0.5197164653)
(0.08 0 0.5197164653)
(0 0.08 0.5197164653)
(0.08 0.08 0.5197164653)
(0 0 0.5207444474)
(0.08 0 0.5207444474)
(0 0.08 0.5207444474)
(0.08 0.08 0.5207444474)
(0 0 0.5217689764)
(0.08 0 0.5217689764)
(0 0.08 0.5217689764)
(0.08 0.08 0.5217689764)
(0 0 0.5227900639)
(0.08 0 0.5227900639)
(0 0.08 0.5227900639)
(0.08 0.08 0.5227900639)
(0 0 0.5238077213)
(0.08 0 0.5238077213)
(0 0.08 0.5238077213)
(0.08 0.08 0.5238077213)
(0 0 0.5248219604)
(0.08 0 0.5248219604)
(0 0.08 0.5248219604)
(0.08 0.08 0.5248219604)
(0 0 0.5258327924)
(0.08 0 0.5258327924)
(0 0.08 0.5258327924)
(0.08 0.08 0.5258327924)
(0 0 0.5268402289)
(0.08 0 0.5268402289)
(0 0.08 0.5268402289)
(0.08 0.08 0.5268402289)
(0 0 0.5278442814)
(0.08 0 0.5278442814)
(0 0.08 0.5278442814)
(0.08 0.08 0.5278442814)
(0 0 0.528844961)
(0.08 0 0.528844961)
(0 0.08 0.528844961)
(0.08 0.08 0.528844961)
(0 0 0.5298422793)
(0.08 0 0.5298422793)
(0 0.08 0.5298422793)
(0.08 0.08 0.5298422793)
(0 0 0.5308362474)
(0.08 0 0.5308362474)
(0 0.08 0.5308362474)
(0.08 0.08 0.5308362474)
(0 0 0.5318268766)
(0.08 0 0.5318268766)
(0 0.08 0.5318268766)
(0.08 0.08 0.5318268766)
(0 0 0.5328141782)
(0.08 0 0.5328141782)
(0 0.08 0.5328141782)
(0.08 0.08 0.5328141782)
(0 0 0.5337981633)
(0.08 0 0.5337981633)
(0 0.08 0.5337981633)
(0.08 0.08 0.5337981633)
(0 0 0.534778843)
(0.08 0 0.534778843)
(0 0.08 0.534778843)
(0.08 0.08 0.534778843)
(0 0 0.5357562286)
(0.08 0 0.5357562286)
(0 0.08 0.5357562286)
(0.08 0.08 0.5357562286)
(0 0 0.5367303309)
(0.08 0 0.5367303309)
(0 0.08 0.5367303309)
(0.08 0.08 0.5367303309)
(0 0 0.5377011611)
(0.08 0 0.5377011611)
(0 0.08 0.5377011611)
(0.08 0.08 0.5377011611)
(0 0 0.5386687302)
(0.08 0 0.5386687302)
(0 0.08 0.5386687302)
(0.08 0.08 0.5386687302)
(0 0 0.539633049)
(0.08 0 0.539633049)
(0 0.08 0.539633049)
(0.08 0.08 0.539633049)
(0 0 0.5405941286)
(0.08 0 0.5405941286)
(0 0.08 0.5405941286)
(0.08 0.08 0.5405941286)
(0 0 0.5415519797)
(0.08 0 0.5415519797)
(0 0.08 0.5415519797)
(0.08 0.08 0.5415519797)
(0 0 0.5425066134)
(0.08 0 0.5425066134)
(0 0.08 0.5425066134)
(0.08 0.08 0.5425066134)
(0 0 0.5434580402)
(0.08 0 0.5434580402)
(0 0.08 0.5434580402)
(0.08 0.08 0.5434580402)
(0 0 0.5444062711)
(0.08 0 0.5444062711)
(0 0.08 0.5444062711)
(0.08 0.08 0.5444062711)
(0 0 0.5453513168)
(0.08 0 0.5453513168)
(0 0.08 0.5453513168)
(0.08 0.08 0.5453513168)
(0 0 0.5462931879)
(0.08 0 0.5462931879)
(0 0.08 0.5462931879)
(0.08 0.08 0.5462931879)
(0 0 0.5472318952)
(0.08 0 0.5472318952)
(0 0.08 0.5472318952)
(0.08 0.08 0.5472318952)
(0 0 0.5481674492)
(0.08 0 0.5481674492)
(0 0.08 0.5481674492)
(0.08 0.08 0.5481674492)
(0 0 0.5490998605)
(0.08 0 0.5490998605)
(0 0.08 0.5490998605)
(0.08 0.08 0.5490998605)
(0 0 0.5500291398)
(0.08 0 0.5500291398)
(0 0.08 0.5500291398)
(0.08 0.08 0.5500291398)
(0 0 0.5509552974)
(0.08 0 0.5509552974)
(0 0.08 0.5509552974)
(0.08 0.08 0.5509552974)
(0 0 0.551878344)
(0.08 0 0.551878344)
(0 0.08 0.551878344)
(0.08 0.08 0.551878344)
(0 0 0.55279829)
(0.08 0 0.55279829)
(0 0.08 0.55279829)
(0.08 0.08 0.55279829)
(0 0 0.5537151457)
(0.08 0 0.5537151457)
(0 0.08 0.5537151457)
(0.08 0.08 0.5537151457)
(0 0 0.5546289216)
(0.08 0 0.5546289216)
(0 0.08 0.5546289216)
(0.08 0.08 0.5546289216)
(0 0 0.5555396279)
(0.08 0 0.5555396279)
(0 0.08 0.5555396279)
(0.08 0.08 0.5555396279)
(0 0 0.5564472751)
(0.08 0 0.5564472751)
(0 0.08 0.5564472751)
(0.08 0.08 0.5564472751)
(0 0 0.5573518734)
(0.08 0 0.5573518734)
(0 0.08 0.5573518734)
(0.08 0.08 0.5573518734)
(0 0 0.558253433)
(0.08 0 0.558253433)
(0 0.08 0.558253433)
(0.08 0.08 0.558253433)
(0 0 0.5591519641)
(0.08 0 0.5591519641)
(0 0.08 0.5591519641)
(0.08 0.08 0.5591519641)
(0 0 0.560047477)
(0.08 0 0.560047477)
(0 0.08 0.560047477)
(0.08 0.08 0.560047477)
(0 0 0.5609399817)
(0.08 0 0.5609399817)
(0 0.08 0.5609399817)
(0.08 0.08 0.5609399817)
(0 0 0.5618294883)
(0.08 0 0.5618294883)
(0 0.08 0.5618294883)
(0.08 0.08 0.5618294883)
(0 0 0.562716007)
(0.08 0 0.562716007)
(0 0.08 0.562716007)
(0.08 0.08 0.562716007)
(0 0 0.5635995477)
(0.08 0 0.5635995477)
(0 0.08 0.5635995477)
(0.08 0.08 0.5635995477)
(0 0 0.5644801205)
(0.08 0 0.5644801205)
(0 0.08 0.5644801205)
(0.08 0.08 0.5644801205)
(0 0 0.5653577354)
(0.08 0 0.5653577354)
(0 0.08 0.5653577354)
(0.08 0.08 0.5653577354)
(0 0 0.5662324022)
(0.08 0 0.5662324022)
(0 0.08 0.5662324022)
(0.08 0.08 0.5662324022)
(0 0 0.5671041309)
(0.08 0 0.5671041309)
(0 0.08 0.5671041309)
(0.08 0.08 0.5671041309)
(0 0 0.5679729313)
(0.08 0 0.5679729313)
(0 0.08 0.5679729313)
(0.08 0.08 0.5679729313)
(0 0 0.5688388133)
(0.08 0 0.5688388133)
(0 0.08 0.5688388133)
(0.08 0.08 0.5688388133)
(0 0 0.5697017867)
(0.08 0 0.5697017867)
(0 0.08 0.5697017867)
(0.08 0.08 0.5697017867)
(0 0 0.5705618613)
(0.08 0 0.5705618613)
(0 0.08 0.5705618613)
(0.08 0.08 0.5705618613)
(0 0 0.5714190467)
(0.08 0 0.5714190467)
(0 0.08 0.5714190467)
(0.08 0.08 0.5714190467)
(0 0 0.5722733527)
(0.08 0 0.5722733527)
(0 0.08 0.5722733527)
(0.08 0.08 0.5722733527)
(0 0 0.573124789)
(0.08 0 0.573124789)
(0 0.08 0.573124789)
(0.08 0.08 0.573124789)
(0 0 0.5739733652)
(0.08 0 0.5739733652)
(0 0.08 0.5739733652)
(0.08 0.08 0.5739733652)
(0 0 0.574819091)
(0.08 0 0.574819091)
(0 0.08 0.574819091)
(0.08 0.08 0.574819091)
(0 0 0.5756619758)
(0.08 0 0.5756619758)
(0 0.08 0.5756619758)
(0.08 0.08 0.5756619758)
(0 0 0.5765020292)
(0.08 0 0.5765020292)
(0 0.08 0.5765020292)
(0.08 0.08 0.5765020292)
(0 0 0.5773392608)
(0.08 0 0.5773392608)
(0 0.08 0.5773392608)
(0.08 0.08 0.5773392608)
(0 0 0.57817368)
(0.08 0 0.57817368)
(0 0.08 0.57817368)
(0.08 0.08 0.57817368)
(0 0 0.5790052963)
(0.08 0 0.5790052963)
(0 0.08 0.5790052963)
(0.08 0.08 0.5790052963)
(0 0 0.5798341191)
(0.08 0 0.5798341191)
(0 0.08 0.5798341191)
(0.08 0.08 0.5798341191)
(0 0 0.5806601577)
(0.08 0 0.5806601577)
(0 0.08 0.5806601577)
(0.08 0.08 0.5806601577)
(0 0 0.5814834216)
(0.08 0 0.5814834216)
(0 0.08 0.5814834216)
(0.08 0.08 0.5814834216)
(0 0 0.58230392)
(0.08 0 0.58230392)
(0 0.08 0.58230392)
(0.08 0.08 0.58230392)
(0 0 0.5831216623)
(0.08 0 0.5831216623)
(0 0.08 0.5831216623)
(0.08 0.08 0.5831216623)
(0 0 0.5839366576)
(0.08 0 0.5839366576)
(0 0.08 0.5839366576)
(0.08 0.08 0.5839366576)
(0 0 0.5847489153)
(0.08 0 0.5847489153)
(0 0.08 0.5847489153)
(0.08 0.08 0.5847489153)
(0 0 0.5855584444)
(0.08 0 0.5855584444)
(0 0.08 0.5855584444)
(0.08 0.08 0.5855584444)
(0 0 0.5863652543)
(0.08 0 0.5863652543)
(0 0.08 0.5863652543)
(0.08 0.08 0.5863652543)
(0 0 0.587169354)
(0.08 0 0.587169354)
(0 0.08 0.587169354)
(0.08 0.08 0.587169354)
(0 0 0.5879707525)
(0.08 0 0.5879707525)
(0 0.08 0.5879707525)
(0.08 0.08 0.5879707525)
(0 0 0.5887694591)
(0.08 0 0.5887694591)
(0 0.08 0.5887694591)
(0.08 0.08 0.5887694591)
(0 0 0.5895654827)
(0.08 0 0.5895654827)
(0 0.08 0.5895654827)
(0.08 0.08 0.5895654827)
(0 0 0.5903588324)
(0.08 0 0.5903588324)
(0 0.08 0.5903588324)
(0.08 0.08 0.5903588324)
(0 0 0.5911495171)
(0.08 0 0.5911495171)
(0 0.08 0.5911495171)
(0.08 0.08 0.5911495171)
(0 0 0.5919375457)
(0.08 0 0.5919375457)
(0 0.08 0.5919375457)
(0.08 0.08 0.5919375457)
(0 0 0.5927229273)
(0.08 0 0.5927229273)
(0 0.08 0.5927229273)
(0.08 0.08 0.5927229273)
(0 0 0.5935056707)
(0.08 0 0.5935056707)
(0 0.08 0.5935056707)
(0.08 0.08 0.5935056707)
(0 0 0.5942857847)
(0.08 0 0.5942857847)
(0 0.08 0.5942857847)
(0.08 0.08 0.5942857847)
(0 0 0.5950632782)
(0.08 0 0.5950632782)
(0 0.08 0.5950632782)
(0.08 0.08 0.5950632782)
(0 0 0.59583816)
(0.08 0 0.59583816)
(0 0.08 0.59583816)
(0.08 0.08 0.59583816)
(0 0 0.5966104389)
(0.08 0 0.5966104389)
(0 0.08 0.5966104389)
(0.08 0.08 0.5966104389)
(0 0 0.5973801236)
(0.08 0 0.5973801236)
(0 0.08 0.5973801236)
(0.08 0.08 0.5973801236)
(0 0 0.5981472228)
(0.08 0 0.5981472228)
(0 0.08 0.5981472228)
(0.08 0.08 0.5981472228)
(0 0 0.5989117452)
(0.08 0 0.5989117452)
(0 0.08 0.5989117452)
(0.08 0.08 0.5989117452)
(0 0 0.5996736995)
(0.08 0 0.5996736995)
(0 0.08 0.5996736995)
(0.08 0.08 0.5996736995)
(0 0 0.6004330942)
(0.08 0 0.6004330942)
(0 0.08 0.6004330942)
(0.08 0.08 0.6004330942)
(0 0 0.6011899381)
(0.08 0 0.6011899381)
(0 0.08 0.6011899381)
(0.08 0.08 0.6011899381)
(0 0 0.6019442396)
(0.08 0 0.6019442396)
(0 0.08 0.6019442396)
(0.08 0.08 0.6019442396)
(0 0 0.6026960073)
(0.08 0 0.6026960073)
(0 0.08 0.6026960073)
(0.08 0.08 0.6026960073)
(0 0 0.6034452497)
(0.08 0 0.6034452497)
(0 0.08 0.6034452497)
(0.08 0.08 0.6034452497)
(0 0 0.6041919753)
(0.08 0 0.6041919753)
(0 0.08 0.6041919753)
(0.08 0.08 0.6041919753)
(0 0 0.6049361926)
(0.08 0 0.6049361926)
(0 0.08 0.6049361926)
(0.08 0.08 0.6049361926)
(0 0 0.6056779099)
(0.08 0 0.6056779099)
(0 0.08 0.6056779099)
(0.08 0.08 0.6056779099)
(0 0 0.6064171357)
(0.08 0 0.6064171357)
(0 0.08 0.6064171357)
(0.08 0.08 0.6064171357)
(0 0 0.6071538783)
(0.08 0 0.6071538783)
(0 0.08 0.6071538783)
(0.08 0.08 0.6071538783)
(0 0 0.6078881462)
(0.08 0 0.6078881462)
(0 0.08 0.6078881462)
(0.08 0.08 0.6078881462)
(0 0 0.6086199475)
(0.08 0 0.6086199475)
(0 0.08 0.6086199475)
(0.08 0.08 0.6086199475)
(0 0 0.6093492906)
(0.08 0 0.6093492906)
(0 0.08 0.6093492906)
(0.08 0.08 0.6093492906)
(0 0 0.6100761837)
(0.08 0 0.6100761837)
(0 0.08 0.6100761837)
(0.08 0.08 0.6100761837)
(0 0 0.6108006351)
(0.08 0 0.6108006351)
(0 0.08 0.6108006351)
(0.08 0.08 0.6108006351)
(0 0 0.6115226529)
(0.08 0 0.6115226529)
(0 0.08 0.6115226529)
(0.08 0.08 0.6115226529)
(0 0 0.6122422454)
(0.08 0 0.6122422454)
(0 0.08 0.6122422454)
(0.08 0.08 0.6122422454)
(0 0 0.6129594207)
(0.08 0 0.6129594207)
(0 0.08 0.6129594207)
(0.08 0.08 0.6129594207)
(0 0 0.6136741869)
(0.08 0 0.6136741869)
(0 0.08 0.6136741869)
(0.08 0.08 0.6136741869)
(0 0 0.6143865521)
(0.08 0 0.6143865521)
(0 0.08 0.6143865521)
(0.08 0.08 0.6143865521)
(0 0 0.6150965244)
(0.08 0 0.6150965244)
(0 0.08 0.6150965244)
(0.08 0.08 0.6150965244)
(0 0 0.6158041118)
(0.08 0 0.6158041118)
(0 0.08 0.6158041118)
(0.08 0.08 0.6158041118)
(0 0 0.6165093223)
(0.08 0 0.6165093223)
(0 0.08 0.6165093223)
(0.08 0.08 0.6165093223)
(0 0 0.6172121639)
(0.08 0 0.6172121639)
(0 0.08 0.6172121639)
(0.08 0.08 0.6172121639)
(0 0 0.6179126445)
(0.08 0 0.6179126445)
(0 0.08 0.6179126445)
(0.08 0.08 0.6179126445)
(0 0 0.6186107722)
(0.08 0 0.6186107722)
(0 0.08 0.6186107722)
(0.08 0.08 0.6186107722)
(0 0 0.6193065547)
(0.08 0 0.6193065547)
(0 0.08 0.6193065547)
(0.08 0.08 0.6193065547)
(0 0 0.62)
(0.08 0 0.62)
(0 0.08 0.62)
(0.08 0.08 0.62)
)


// ************************************************************************* //
