R	C1	C2	C3	C4	C5	C6	C7	C8	C9	C10	C11	C12	C13	C14
R1	0	0	0	0	0	0	0	0	0	0	0	0	0	0
R2	0.0006369	-2	0	-2	0	-2	0	-2	0	-2	0	-2	0	-2
R3	0.0006369	-4	0	-4	0	-4	0	-4	0	-4	0	-4	0	-4
R4	0.0006369	-6	0	-6	0	-6	0	-6	0	-6	0	-6	0	-6
R5	0.0006369	-8	0	-8	0	-8	0	-8	0	-8	0	-8	0	-8
R6	0.0006369	-10	0	-10	0	-10	0	-10	0	-10	0	-10	0	-10
R7	0.0006369	-12	0	-12	0	-12	0	-12	0	-12	0	-12	0	-12
R8	0.0006369	-14	0	-14	0	-14	0	-14	0	-14	0	-14	0	-14
R9	0.0006369	-16	0	-16	0	-16	0	-16	0	-16	0	-16	0	-16
R10	0.0006369	-18	0	-18	0	-18	0	-18	0	-18	0	-18	0	-18
R11	0.0006369	-20	0	-20	0	-20	0	-20	0	-20	0	-20	0	-20
R12	0.0006369	-22	0	-22	0	-22	0	-22	0	-22	0	-22	0	-22
R13	0.0006369	-24	0	-24	0	-24	0	-24	0	-24	0	-24	0	-24
R14	0.0006369	-26	0	-26	0	-26	0	-26	0	-26	0	-26	0	-26
R15	0.0006369	-28	0	-28	0	-28	0	-28	0	-28	0	-28	0	-28
R16	0.0006369	-30	0	-30	0	-30	0	-30	0	-30	0	-30	0	-30
R17	0.0006369	-32	0	-32	0	-32	0	-32	0	-32	0	-32	0	-32
R18	0.0006369	-34	0	-34	0	-34	0	-34	0	-34	0	-34	0	-34
R19	0.0006369	-36	0	-36	0	-36	0	-36	0	-36	0	-36	0	-36
R20	0.0006369	-38	0	-38	0	-38	0	-38	0	-38	0	-38	0	-38
R21	0.0006369	-40	0	-40	0	-40	0	-40	0	-40	0	-40	0	-40
R22	0.0006369	-42	0	-42	0	-42	0	-42	0	-42	0	-42	0	-42
R23	0.0006369	-44	0	-44	0	-44	0	-44	0	-44	0	-44	0	-44
R24	0.0006369	-46	0	-46	0	-46	0	-46	0	-46	0	-46	0	-46
R25	0.0006369	-48	0	-48	0	-48	0	-48	0	-48	0	-48	0	-48
R26	0.0006369	-50	0	-50	0	-50	0	-50	0	-50	0	-50	0	-50
R27	0.0006369	-52	0	-52	0	-52	0	-52	0	-52	0	-52	0	-52
R28	0.0006369	-54	0	-54	0	-54	0	-54	0	-54	0	-54	0	-54
R29	0.0006369	-56	0	-56	0	-56	0	-56	0	-56	0	-56	0	-56
R30	0.0006369	-58	0	-58	0	-58	0	-58	0	-58	0	-58	0	-58
R31	0.0006369	-60	0	-60	0	-60	0	-60	0	-60	0	-60	0	-60
R32	0.0006369	-62	0	-62	0	-62	0	-62	0	-62	0	-62	0	-62
R33	0.0006369	-64	0	-64	0	-64	0	-64	0	-64	0	-64	0	-64
R34	0.0006369	-66	0	-66	0	-66	0	-66	0	-66	0	-66	0	-66
R35	0.0006369	-68	0	-68	0	-68	0	-68	0	-68	0	-68	0	-68
R36	0.0006369	-70	0	-70	0	-70	0	-70	0	-70	0	-70	0	-70
R37	0.0006369	-72	0	-72	0	-72	0	-72	0	-72	0	-72	0	-72
R38	0.0006369	-74	0	-74	0	-74	0	-74	0	-74	0	-74	0	-74
R39	0.0006369	-76	0	-76	0	-76	0	-76	0	-76	0	-76	0	-76
R40	0.0006369	-78	0	-78	0	-78	0	-78	0	-78	0	-78	0	-78
R41	0.0006369	-80	0	-80	0	-80	0	-80	0	-80	0	-80	0	-80
R42	0.0006369	-82	0	-82	0	-82	0	-82	0	-82	0	-82	0	-82
R43	0.0006369	-84	0	-84	0	-84	0	-84	0	-84	0	-84	0	-84
R44	0.0006369	-86	2.917e-006	-86	0	-86	0	-86	0	-86	0	-86	0	-86
R45	0.0006369	-88	8.601e-006	-88	0	-88	0	-88	0	-88	0	-88	0	-88
R46	0.0006369	-90	1.551e-005	-90	0	-90	0	-90	0	-90	0	-90	0	-90
R47	0.0006369	-92	2.332e-005	-92	0	-92	0	-92	0	-92	0	-92	0	-92
R48	0.0006369	-94	3.203e-005	-94	0	-94	0	-94	0	-94	0	-94	0	-94
R49	0.0006369	-96	4.149e-005	-96	0	-96	0	-96	0	-96	0	-96	0	-96
R50	0.0006369	-98	5.173e-005	-98	0	-98	0	-98	0	-98	0	-98	0	-98
R51	0.0006369	-100	6.279e-005	-100	0	-100	0	-100	0	-100	0	-100	0	-100
R52	0.0006369	-102	7.45e-005	-102	0	-102	0	-102	0	-102	0	-102	0	-102
R53	0.0006369	-104	8.697e-005	-104	0	-104	0	-104	0	-104	0	-104	0	-104
R54	0.0006369	-106	0.0001003	-106	0	-106	0	-106	0	-106	0	-106	0	-106
R55	0.0006369	-108	0.0001143	-108	0	-108	0	-108	0	-108	0	-108	0	-108
R56	0.0006369	-110	0.0001292	-110	0	-110	0	-110	0	-110	0	-110	0	-110
R57	0.0006369	-112	0.000145	-112	0	-112	0	-112	0	-112	0	-112	0	-112
R58	0.0006369	-114	0.0001615	-114	0	-114	0	-114	0	-114	0	-114	0	-114
R59	0.0006369	-116	0.0001793	-116	0	-116	0	-116	0	-116	0	-116	0	-116
R60	0.0006369	-118	0.0001976	-118	0	-118	0	-118	0	-118	0	-118	0	-118
R61	0.0006369	-120	0.0002172	-120	0	-120	0	-120	0	-120	0	-120	0	-120
R62	0.0006369	-122	0.000238	-122	0	-122	0	-122	0	-122	0	-122	0	-122
R63	0.0006369	-124	0.0002595	-124	0	-124	0	-124	0	-124	0	-124	0	-124
R64	0.0006369	-126	0.0002825	-126	0	-126	0	-126	0	-126	0	-126	0	-126
R65	0.0006369	-128	0.0003067	-128	0	-128	0	-128	0	-128	0	-128	0	-128
R66	0.0006369	-130	0.0003321	-130	0	-130	0	-130	0	-130	0	-130	0	-130
R67	0.0006369	-132	0.0003588	-132	0	-132	0	-132	0	-132	0	-132	0	-132
R68	0.0006369	-134	0.0003871	-134	0	-134	0	-134	0	-134	0	-134	0	-134
R69	0.0006369	-136	0.0004168	-136	0	-136	0	-136	0	-136	0	-136	0	-136
R70	0.0006369	-138	0.000448	-138	0	-138	0	-138	0	-138	0	-138	0	-138
R71	0.0006369	-140	0.0004809	-140	0	-140	0	-140	0	-140	0	-140	0	-140
R72	0.0006369	-142	0.0005155	-142	0	-142	0	-142	0	-142	0	-142	0	-142
R73	0.0006369	-144	0.000552	-144	0	-144	0	-144	0	-144	0	-144	0	-144
R74	0.0006369	-146	0.0005901	-146	0	-146	0	-146	0	-146	0	-146	0	-146
R75	0.0006369	-148	0.0006296	-148	0	-148	0	-148	0	-148	0	-148	0	-148
R76	0.0006369	-150	0.0006715	-150	0	-150	0	-150	0	-150	0	-150	0	-150
R77	0.0006369	-152	0.0007162	-152	0	-152	0	-152	0	-152	0	-152	0	-152
R78	0.0006369	-154	0.0007604	-154	0	-154	0	-154	0	-154	0	-154	0	-154
R79	0.0006369	-156	0.0008069	-156	0	-156	0	-156	0	-156	0	-156	0	-156
R80	0.0006369	-158	0.0008568	-158	2.822e-007	-158	0	-158	0	-158	0	-158	0	-158
R81	0.0006369	-160	0.0009075	-160	2.382e-006	-160	0	-160	0	-160	0	-160	0	-160
R82	0.0006369	-162	0.0009553	-162	5.166e-006	-162	0	-162	0	-162	0	-162	0	-162
R83	0.0006369	-164	0.001007	-164	8.4e-006	-164	0	-164	0	-164	0	-164	0	-164
R84	0.0006369	-166	0.001063	-166	1.202e-005	-166	0	-166	0	-166	0	-166	0	-166
R85	0.0006369	-168	0.001106	-168	1.596e-005	-168	0	-168	0	-168	0	-168	0	-168
R86	0.0006369	-170	0.001152	-170	2.022e-005	-170	0	-170	0	-170	0	-170	0	-170
R87	0.0006369	-172	0.001203	-172	2.475e-005	-172	0	-172	0	-172	0	-172	0	-172
R88	0.0006369	-174	0.001228	-174	2.958e-005	-174	0	-174	0	-174	0	-174	0	-174
R89	0.0006369	-176	0.001256	-176	3.473e-005	-176	0	-176	0	-176	0	-176	0	-176
R90	0.0006369	-178	0.00127	-178	4.006e-005	-178	0	-178	0	-178	0	-178	0	-178
R91	0.0006369	-180	0.001259	-180	4.582e-005	-180	0	-180	0	-180	0	-180	0	-180
R92	0.0006369	-182	0.001243	-182	5.174e-005	-182	0	-182	0	-182	0	-182	0	-182
R93	0.0006369	-184	0.001183	-184	5.807e-005	-184	0	-184	0	-184	0	-184	0	-184
R94	0.0006369	-186	0.001113	-186	6.463e-005	-186	0	-186	0	-186	0	-186	0	-186
R95	0.0006369	-188	0.001012	-188	7.145e-005	-188	0	-188	0	-188	0	-188	0	-188
R96	0.0006369	-190	0.0009072	-190	7.875e-005	-190	0	-190	0	-190	0	-190	0	-190
R97	0.0006369	-192	0.0008117	-192	8.623e-005	-192	0	-192	0	-192	0	-192	0	-192
R98	0.0006369	-194	0.0007347	-194	9.404e-005	-194	0	-194	0	-194	0	-194	0	-194
R99	0.0006369	-196	0.0006859	-196	0.0001024	-196	0	-196	0	-196	0	-196	0	-196
R100	0.0006369	-198	0.0006621	-198	0.0001109	-198	0	-198	0	-198	0	-198	0	-198
R101	0.0006369	-200	0.0006494	-200	0.0001197	-200	0	-200	0	-200	0	-200	0	-200
R102	0.0006369	-202	0.000643	-202	0.0001293	-202	0	-202	0	-202	0	-202	0	-202
R103	0.0006369	-204	0.0006398	-204	0.0001391	-204	0	-204	0	-204	0	-204	0	-204
R104	0.0006369	-206	0.0006383	-206	0.0001492	-206	0	-206	0	-206	0	-206	0	-206
R105	0.0006369	-208	0.0006376	-208	0.0001597	-208	0	-208	0	-208	0	-208	0	-208
R106	0.0006369	-210	0.0006372	-210	0.000171	-210	0	-210	0	-210	0	-210	0	-210
R107	0.0006369	-212	0.000637	-212	0.0001827	-212	0	-212	0	-212	0	-212	0	-212
R108	0.0006369	-214	0.0006369	-214	0.0001947	-214	0	-214	0	-214	0	-214	0	-214
R109	0.0006369	-216	0.0006369	-216	0.0002071	-216	0	-216	0	-216	0	-216	0	-216
R110	0.0006369	-218	0.0006369	-218	0.0002206	-218	0	-218	0	-218	0	-218	0	-218
R111	0.0006369	-220	0.0006369	-220	0.0002344	-220	0	-220	0	-220	0	-220	0	-220
R112	0.0006369	-222	0.0006369	-222	0.0002488	-222	0	-222	0	-222	0	-222	0	-222
R113	0.0006369	-224	0.0006369	-224	0.0002636	-224	0	-224	0	-224	0	-224	0	-224
R114	0.0006369	-226	0.0006369	-226	0.0002794	-226	0	-226	0	-226	0	-226	0	-226
R115	0.0006369	-228	0.0006369	-228	0.000296	-228	0	-228	0	-228	0	-228	0	-228
R116	0.0006369	-230	0.0006369	-230	0.0003132	-230	0	-230	0	-230	0	-230	0	-230
R117	0.0006369	-232	0.0006369	-232	0.0003311	-232	0	-232	0	-232	0	-232	0	-232
R118	0.0006369	-234	0.0006369	-234	0.0003497	-234	3.832e-007	-234	0	-234	0	-234	0	-234
R119	0.0006369	-236	0.0006369	-236	0.0003695	-236	1.755e-006	-236	0	-236	0	-236	0	-236
R120	0.0006369	-238	0.0006369	-238	0.0003901	-238	3.48e-006	-238	0	-238	0	-238	0	-238
R121	0.0006369	-240	0.0006369	-240	0.0004115	-240	5.472e-006	-240	0	-240	0	-240	0	-240
R122	0.0006369	-242	0.0006369	-242	0.0004339	-242	7.661e-006	-242	0	-242	0	-242	0	-242
R123	0.0006369	-244	0.0006369	-244	0.0004573	-244	1.004e-005	-244	0	-244	0	-244	0	-244
R124	0.0006369	-246	0.0006369	-246	0.0004819	-246	1.261e-005	-246	0	-246	0	-246	0	-246
R125	0.0006369	-248	0.0006369	-248	0.0005075	-248	1.534e-005	-248	0	-248	0	-248	0	-248
R126	0.0006369	-250	0.0006369	-250	0.0005344	-250	1.82e-005	-250	0	-250	0	-250	0	-250
R127	0.0006369	-252	0.0006369	-252	0.0005626	-252	2.127e-005	-252	0	-252	0	-252	0	-252
R128	0.0006369	-254	0.0006369	-254	0.0005918	-254	2.445e-005	-254	0	-254	0	-254	0	-254
R129	0.0006369	-256	0.0006369	-256	0.0006219	-256	2.783e-005	-256	0	-256	0	-256	0	-256
R130	0.0006369	-258	0.0006369	-258	0.0006537	-258	3.13e-005	-258	0	-258	0	-258	0	-258
R131	0.0006369	-260	0.0006369	-260	0.0006873	-260	3.503e-005	-260	0	-260	0	-260	0	-260
R132	0.0006369	-262	0.0006369	-262	0.000723	-262	3.882e-005	-262	0	-262	0	-262	0	-262
R133	0.0006369	-264	0.0006369	-264	0.0007574	-264	4.283e-005	-264	0	-264	0	-264	0	-264
R134	0.0006369	-266	0.0006369	-266	0.0007938	-266	4.703e-005	-266	0	-266	0	-266	0	-266
R135	0.0006369	-268	0.0006369	-268	0.0008325	-268	5.131e-005	-268	0	-268	0	-268	0	-268
R136	0.0006369	-270	0.0006369	-270	0.0008739	-270	5.583e-005	-270	0	-270	0	-270	0	-270
R137	0.0006369	-272	0.0006369	-272	0.0009137	-272	6.058e-005	-272	0	-272	0	-272	0	-272
R138	0.0006369	-274	0.0006369	-274	0.0009526	-274	6.542e-005	-274	0	-274	0	-274	0	-274
R139	0.0006369	-276	0.0006369	-276	0.0009945	-276	7.041e-005	-276	0	-276	0	-276	0	-276
R140	0.0006369	-278	0.0006369	-278	0.00104	-278	7.578e-005	-278	0	-278	0	-278	0	-278
R141	0.0006369	-280	0.0006369	-280	0.00108	-280	8.128e-005	-280	0	-280	0	-280	0	-280
R142	0.0006369	-282	0.0006369	-282	0.001117	-282	8.691e-005	-282	0	-282	0	-282	0	-282
R143	0.0006369	-284	0.0006369	-284	0.001156	-284	9.274e-005	-284	0	-284	0	-284	0	-284
R144	0.0006369	-286	0.0006369	-286	0.0012	-286	9.9e-005	-286	0	-286	0	-286	0	-286
R145	0.0006369	-288	0.0006369	-288	0.001222	-288	0.0001054	-288	0	-288	0	-288	0	-288
R146	0.0006369	-290	0.0006369	-290	0.001244	-290	0.000112	-290	0	-290	0	-290	0	-290
R147	0.0006369	-292	0.0006369	-292	0.00127	-292	0.0001187	-292	0	-292	0	-292	0	-292
R148	0.0006369	-294	0.0006369	-294	0.001267	-294	0.000126	-294	0	-294	0	-294	0	-294
R149	0.0006369	-296	0.0006369	-296	0.001257	-296	0.0001335	-296	0	-296	0	-296	0	-296
R150	0.0006369	-298	0.0006369	-298	0.00124	-298	0.0001412	-298	0	-298	0	-298	0	-298
R151	0.0006369	-300	0.0006369	-300	0.001188	-300	0.0001491	-300	0	-300	0	-300	0	-300
R152	0.0006369	-302	0.0006369	-302	0.001129	-302	0.0001573	-302	0	-302	0	-302	0	-302
R153	0.0006369	-304	0.0006369	-304	0.001047	-304	0.0001661	-304	0	-304	0	-304	0	-304
R154	0.0006369	-306	0.0006369	-306	0.0009539	-306	0.0001752	-306	0	-306	0	-306	0	-306
R155	0.0006369	-308	0.0006369	-308	0.000864	-308	0.0001846	-308	0	-308	0	-308	0	-308
R156	0.0006369	-310	0.0006369	-310	0.0007845	-310	0.0001942	-310	0	-310	0	-310	0	-310
R157	0.0006369	-312	0.0006369	-312	0.0007208	-312	0.0002041	-312	3.349e-007	-312	0	-312	0	-312
R158	0.0006369	-314	0.0006369	-314	0.000682	-314	0.0002148	-314	1.306e-006	-314	0	-314	0	-314
R159	0.0006369	-316	0.0006369	-316	0.0006617	-316	0.0002259	-316	2.51e-006	-316	0	-316	0	-316
R160	0.0006369	-318	0.0006369	-318	0.0006502	-318	0.0002373	-318	3.887e-006	-318	0	-318	0	-318
R161	0.0006369	-320	0.0006369	-320	0.0006439	-320	0.0002491	-320	5.404e-006	-320	0	-320	0	-320
R162	0.0006369	-322	0.0006369	-322	0.0006405	-322	0.0002613	-322	7.046e-006	-322	0	-322	0	-322
R163	0.0006369	-324	0.0006369	-324	0.0006388	-324	0.0002742	-324	8.804e-006	-324	0	-324	0	-324
R164	0.0006369	-326	0.0006369	-326	0.0006379	-326	0.0002877	-326	1.066e-005	-326	0	-326	0	-326
R165	0.0006369	-328	0.0006369	-328	0.0006374	-328	0.0003018	-328	1.264e-005	-328	0	-328	0	-328
R166	0.0006369	-330	0.0006369	-330	0.0006371	-330	0.0003163	-330	1.472e-005	-330	0	-330	0	-330
R167	0.0006369	-332	0.0006369	-332	0.000637	-332	0.0003314	-332	1.689e-005	-332	0	-332	0	-332
R168	0.0006369	-334	0.0006369	-334	0.0006369	-334	0.000347	-334	1.917e-005	-334	0	-334	0	-334
R169	0.0006369	-336	0.0006369	-336	0.0006369	-336	0.0003637	-336	2.155e-005	-336	0	-336	0	-336
R170	0.0006369	-338	0.0006369	-338	0.0006369	-338	0.0003809	-338	2.401e-005	-338	0	-338	0	-338
R171	0.0006369	-340	0.0006369	-340	0.0006369	-340	0.0003989	-340	2.663e-005	-340	0	-340	0	-340
R172	0.0006369	-342	0.0006369	-342	0.0006369	-342	0.0004176	-342	2.929e-005	-342	0	-342	0	-342
R173	0.0006369	-344	0.0006369	-344	0.0006369	-344	0.0004371	-344	3.208e-005	-344	0	-344	0	-344
R174	0.0006369	-346	0.0006369	-346	0.0006369	-346	0.0004574	-346	3.502e-005	-346	0	-346	0	-346
R175	0.0006369	-348	0.0006369	-348	0.0006369	-348	0.0004786	-348	3.801e-005	-348	0	-348	0	-348
R176	0.0006369	-350	0.0006369	-350	0.0006369	-350	0.0005008	-350	4.109e-005	-350	0	-350	0	-350
R177	0.0006369	-352	0.0006369	-352	0.0006369	-352	0.000524	-352	4.439e-005	-352	0	-352	0	-352
R178	0.0006369	-354	0.0006369	-354	0.0006369	-354	0.0005482	-354	4.775e-005	-354	0	-354	0	-354
R179	0.0006369	-356	0.0006369	-356	0.0006369	-356	0.0005736	-356	5.119e-005	-356	0	-356	0	-356
R180	0.0006369	-358	0.0006369	-358	0.0006369	-358	0.0005995	-358	5.478e-005	-358	0	-358	0	-358
R181	0.0006369	-360	0.0006369	-360	0.0006369	-360	0.0006265	-360	5.858e-005	-360	0	-360	0	-360
R182	0.0006369	-362	0.0006369	-362	0.0006369	-362	0.0006549	-362	6.245e-005	-362	0	-362	0	-362
R183	0.0006369	-364	0.0006369	-364	0.0006369	-364	0.0006849	-364	6.641e-005	-364	0	-364	0	-364
R184	0.0006369	-366	0.0006369	-366	0.0006369	-366	0.0007165	-366	7.049e-005	-366	0	-366	0	-366
R185	0.0006369	-368	0.0006369	-368	0.0006369	-368	0.0007477	-368	7.488e-005	-368	0	-368	0	-368
R186	0.0006369	-370	0.0006369	-370	0.0006369	-370	0.0007799	-370	7.937e-005	-370	0	-370	0	-370
R187	0.0006369	-372	0.0006369	-372	0.0006369	-372	0.0008139	-372	8.395e-005	-372	0	-372	0	-372
R188	0.0006369	-374	0.0006369	-374	0.0006369	-374	0.0008502	-374	8.864e-005	-374	0	-374	0	-374
R189	0.0006369	-376	0.0006369	-376	0.0006369	-376	0.0008889	-376	9.356e-005	-376	0	-376	0	-376
R190	0.0006369	-378	0.0006369	-378	0.0006369	-378	0.0009234	-378	9.877e-005	-378	0	-378	0	-378
R191	0.0006369	-380	0.0006369	-380	0.0006369	-380	0.0009595	-380	0.0001041	-380	0	-380	0	-380
R192	0.0006369	-382	0.0006369	-382	0.0006369	-382	0.0009983	-382	0.0001096	-382	0	-382	0	-382
R193	0.0006369	-384	0.0006369	-384	0.0006369	-384	0.00104	-384	0.0001152	-384	0	-384	0	-384
R194	0.0006369	-386	0.0006369	-386	0.0006369	-386	0.001078	-386	0.000121	-386	0	-386	0	-386
R195	0.0006369	-388	0.0006369	-388	0.0006369	-388	0.001111	-388	0.0001272	-388	0	-388	0	-388
R196	0.0006369	-390	0.0006369	-390	0.0006369	-390	0.001147	-390	0.0001336	-390	0	-390	0	-390
R197	0.0006369	-392	0.0006369	-392	0.0006369	-392	0.001187	-392	0.0001401	-392	0	-392	0	-392
R198	0.0006369	-394	0.0006369	-394	0.0006369	-394	0.001214	-394	0.0001469	-394	0	-394	0	-394
R199	0.0006369	-396	0.0006369	-396	0.0006369	-396	0.001234	-396	0.0001538	-396	0	-396	0	-396
R200	0.0006369	-398	0.0006369	-398	0.0006369	-398	0.001257	-398	0.0001611	-398	0	-398	0	-398
R201	0.0006369	-400	0.0006369	-400	0.0006369	-400	0.001272	-400	0.0001688	-400	3.232e-007	-400	0	-400
R202	0.0006369	-402	0.0006369	-402	0.0006369	-402	0.001263	-402	0.0001767	-402	1.054e-006	-402	0	-402
R203	0.0006369	-404	0.0006369	-404	0.0006369	-404	0.001254	-404	0.0001849	-404	1.942e-006	-404	0	-404
R204	0.0006369	-406	0.0006369	-406	0.0006369	-406	0.001227	-406	0.0001932	-406	2.951e-006	-406	0	-406
R205	0.0006369	-408	0.0006369	-408	0.0006369	-408	0.001177	-408	0.0002019	-408	4.058e-006	-408	0	-408
R206	0.0006369	-410	0.0006369	-410	0.0006369	-410	0.00112	-410	0.000211	-410	5.252e-006	-410	0	-410
R207	0.0006369	-412	0.0006369	-412	0.0006369	-412	0.001038	-412	0.0002206	-412	6.525e-006	-412	0	-412
R208	0.0006369	-414	0.0006369	-414	0.0006369	-414	0.0009496	-414	0.0002305	-414	7.864e-006	-414	0	-414
R209	0.0006369	-416	0.0006369	-416	0.0006369	-416	0.0008643	-416	0.0002407	-416	9.303e-006	-416	0	-416
R210	0.0006369	-418	0.0006369	-418	0.0006369	-418	0.0007882	-418	0.0002513	-418	1.079e-005	-418	0	-418
R211	0.0006369	-420	0.0006369	-420	0.0006369	-420	0.0007262	-420	0.0002621	-420	1.236e-005	-420	0	-420
R212	0.0006369	-422	0.0006369	-422	0.0006369	-422	0.000686	-422	0.0002736	-422	1.398e-005	-422	0	-422
R213	0.0006369	-424	0.0006369	-424	0.0006369	-424	0.0006648	-424	0.0002857	-424	1.571e-005	-424	0	-424
R214	0.0006369	-426	0.0006369	-426	0.0006369	-426	0.0006523	-426	0.0002982	-426	1.746e-005	-426	0	-426
R215	0.0006369	-428	0.0006369	-428	0.0006369	-428	0.0006453	-428	0.0003111	-428	1.931e-005	-428	0	-428
R216	0.0006369	-430	0.0006369	-430	0.0006369	-430	0.0006414	-430	0.0003245	-430	2.123e-005	-430	0	-430
R217	0.0006369	-432	0.0006369	-432	0.0006369	-432	0.0006393	-432	0.0003383	-432	2.318e-005	-432	0	-432
R218	0.0006369	-434	0.0006369	-434	0.0006369	-434	0.0006382	-434	0.0003528	-434	2.526e-005	-434	0	-434
R219	0.0006369	-436	0.0006369	-436	0.0006369	-436	0.0006376	-436	0.0003681	-436	2.74e-005	-436	0	-436
R220	0.0006369	-438	0.0006369	-438	0.0006369	-438	0.0006372	-438	0.0003839	-438	2.957e-005	-438	0	-438
R221	0.0006369	-440	0.0006369	-440	0.0006369	-440	0.0006371	-440	0.0004004	-440	3.183e-005	-440	0	-440
R222	0.0006369	-442	0.0006369	-442	0.0006369	-442	0.000637	-442	0.0004175	-442	3.422e-005	-442	0	-442
R223	0.0006369	-444	0.0006369	-444	0.0006369	-444	0.0006369	-444	0.0004353	-444	3.665e-005	-444	0	-444
R224	0.0006369	-446	0.0006369	-446	0.0006369	-446	0.0006369	-446	0.0004539	-446	3.911e-005	-446	0	-446
R225	0.0006369	-448	0.0006369	-448	0.0006369	-448	0.0006369	-448	0.0004732	-448	4.17e-005	-448	0	-448
R226	0.0006369	-450	0.0006369	-450	0.0006369	-450	0.0006369	-450	0.0004934	-450	4.441e-005	-450	0	-450
R227	0.0006369	-452	0.0006369	-452	0.0006369	-452	0.0006369	-452	0.0005145	-452	4.718e-005	-452	0	-452
R228	0.0006369	-454	0.0006369	-454	0.0006369	-454	0.0006369	-454	0.0005365	-454	5e-005	-454	0	-454
R229	0.0006369	-456	0.0006369	-456	0.0006369	-456	0.0006369	-456	0.0005595	-456	5.286e-005	-456	0	-456
R230	0.0006369	-458	0.0006369	-458	0.0006369	-458	0.0006369	-458	0.0005834	-458	5.594e-005	-458	0	-458
R231	0.0006369	-460	0.0006369	-460	0.0006369	-460	0.0006369	-460	0.0006078	-460	5.91e-005	-460	0	-460
R232	0.0006369	-462	0.0006369	-462	0.0006369	-462	0.0006369	-462	0.0006334	-462	6.232e-005	-462	0	-462
R233	0.0006369	-464	0.0006369	-464	0.0006369	-464	0.0006369	-464	0.0006603	-464	6.56e-005	-464	0	-464
R234	0.0006369	-466	0.0006369	-466	0.0006369	-466	0.0006369	-466	0.0006886	-466	6.894e-005	-466	0	-466
R235	0.0006369	-468	0.0006369	-468	0.0006369	-468	0.0006369	-468	0.0007185	-468	7.251e-005	-468	0	-468
R236	0.0006369	-470	0.0006369	-470	0.0006369	-470	0.0006369	-470	0.0007478	-470	7.62e-005	-470	0	-470
R237	0.0006369	-472	0.0006369	-472	0.0006369	-472	0.0006369	-472	0.000778	-472	7.996e-005	-472	0	-472
R238	0.0006369	-474	0.0006369	-474	0.0006369	-474	0.0006369	-474	0.00081	-474	8.379e-005	-474	0	-474
R239	0.0006369	-476	0.0006369	-476	0.0006369	-476	0.0006369	-476	0.000844	-476	8.77e-005	-476	0	-476
R240	0.0006369	-478	0.0006369	-478	0.0006369	-478	0.0006369	-478	0.0008803	-478	9.17e-005	-478	0	-478
R241	0.0006369	-480	0.0006369	-480	0.0006369	-480	0.0006369	-480	0.0009141	-480	9.601e-005	-480	0	-480
R242	0.0006369	-482	0.0006369	-482	0.0006369	-482	0.0006369	-482	0.0009478	-482	0.0001004	-482	0	-482
R243	0.0006369	-484	0.0006369	-484	0.0006369	-484	0.0006369	-484	0.0009839	-484	0.0001049	-484	0	-484
R244	0.0006369	-486	0.0006369	-486	0.0006369	-486	0.0006369	-486	0.001023	-486	0.0001095	-486	0	-486
R245	0.0006369	-488	0.0006369	-488	0.0006369	-488	0.0006369	-488	0.001064	-488	0.0001142	-488	0	-488
R246	0.0006369	-490	0.0006369	-490	0.0006369	-490	0.0006369	-490	0.001094	-490	0.0001189	-490	0	-490
R247	0.0006369	-492	0.0006369	-492	0.0006369	-492	0.0006369	-492	0.001127	-492	0.000124	-492	0	-492
R248	0.0006369	-494	0.0006369	-494	0.0006369	-494	0.0006369	-494	0.001163	-494	0.0001293	-494	0	-494
R249	0.0006369	-496	0.0006369	-496	0.0006369	-496	0.0006369	-496	0.001202	-496	0.0001347	-496	0	-496
R250	0.0006369	-498	0.0006369	-498	0.0006369	-498	0.0006369	-498	0.001221	-498	0.0001401	-498	0	-498
R251	0.0006369	-500	0.0006369	-500	0.0006369	-500	0.0006369	-500	0.001241	-500	0.0001457	-500	0	-500
R252	0.0006369	-502	0.0006369	-502	0.0006369	-502	0.0006369	-502	0.001263	-502	0.0001514	-502	0	-502
R253	0.0006369	-504	0.0006369	-504	0.0006369	-504	0.0006369	-504	0.00127	-504	0.0001573	-504	0	-504
R254	0.0006369	-506	0.0006369	-506	0.0006369	-506	0.0006369	-506	0.001261	-506	0.0001636	-506	0	-506
R255	0.0006369	-508	0.0006369	-508	0.0006369	-508	0.0006369	-508	0.001252	-508	0.00017	-508	0	-508
R256	0.0006369	-510	0.0006369	-510	0.0006369	-510	0.0006369	-510	0.001221	-510	0.0001765	-510	0	-510
R257	0.0006369	-512	0.0006369	-512	0.0006369	-512	0.0006369	-512	0.001172	-512	0.0001832	-512	0	-512
R258	0.0006369	-514	0.0006369	-514	0.0006369	-514	0.0006369	-514	0.001115	-514	0.00019	-514	0	-514
R259	0.0006369	-516	0.0006369	-516	0.0006369	-516	0.0006369	-516	0.001034	-516	0.0001969	-516	0	-516
R260	0.0006369	-518	0.0006369	-518	0.0006369	-518	0.0006369	-518	0.000948	-518	0.000204	-518	0	-518
R261	0.0006369	-520	0.0006369	-520	0.0006369	-520	0.0006369	-520	0.000865	-520	0.0002115	-520	0	-520
R262	0.0006369	-522	0.0006369	-522	0.0006369	-522	0.0006369	-522	0.0007907	-522	0.0002193	-522	0	-522
R263	0.0006369	-524	0.0006369	-524	0.0006369	-524	0.0006369	-524	0.0007296	-524	0.0002271	-524	0	-524
R264	0.0006369	-526	0.0006369	-526	0.0006369	-526	0.0006369	-526	0.0006884	-526	0.0002352	-526	0	-526
R265	0.0006369	-528	0.0006369	-528	0.0006369	-528	0.0006369	-528	0.0006666	-528	0.0002434	-528	0	-528
R266	0.0006369	-530	0.0006369	-530	0.0006369	-530	0.0006369	-530	0.0006536	-530	0.0002517	-530	0	-530
R267	0.0006369	-532	0.0006369	-532	0.0006369	-532	0.0006369	-532	0.0006461	-532	0.0002602	-532	0	-532
R268	0.0006369	-534	0.0006369	-534	0.0006369	-534	0.0006369	-534	0.0006419	-534	0.0002689	-534	0	-534
R269	0.0006369	-536	0.0006369	-536	0.0006369	-536	0.0006369	-536	0.0006396	-536	0.000278	-536	0	-536
R270	0.0006369	-538	0.0006369	-538	0.0006369	-538	0.0006369	-538	0.0006384	-538	0.0002873	-538	0	-538
R271	0.0006369	-540	0.0006369	-540	0.0006369	-540	0.0006369	-540	0.0006377	-540	0.0002967	-540	0	-540
R272	0.0006369	-542	0.0006369	-542	0.0006369	-542	0.0006369	-542	0.0006373	-542	0.0003062	-542	0	-542
R273	0.0006369	-544	0.0006369	-544	0.0006369	-544	0.0006369	-544	0.0006371	-544	0.0003159	-544	0	-544
R274	0.0006369	-546	0.0006369	-546	0.0006369	-546	0.0006369	-546	0.000637	-546	0.0003257	-546	0	-546
R275	0.0006369	-548	0.0006369	-548	0.0006369	-548	0.0006369	-548	0.0006369	-548	0.0003356	-548	0	-548
R276	0.0006369	-550	0.0006369	-550	0.0006369	-550	0.0006369	-550	0.0006369	-550	0.0003457	-550	0	-550
R277	0.0006369	-552	0.0006369	-552	0.0006369	-552	0.0006369	-552	0.0006369	-552	0.000356	-552	0	-552
R278	0.0006369	-554	0.0006369	-554	0.0006369	-554	0.0006369	-554	0.0006369	-554	0.0003664	-554	0	-554
R279	0.0006369	-556	0.0006369	-556	0.0006369	-556	0.0006369	-556	0.0006369	-556	0.0003769	-556	0	-556
R280	0.0006369	-558	0.0006369	-558	0.0006369	-558	0.0006369	-558	0.0006369	-558	0.0003874	-558	0	-558
R281	0.0006369	-560	0.0006369	-560	0.0006369	-560	0.0006369	-560	0.0006369	-560	0.0003978	-560	0	-560
R282	0.0006369	-562	0.0006369	-562	0.0006369	-562	0.0006369	-562	0.0006369	-562	0.0004083	-562	0	-562
R283	0.0006369	-564	0.0006369	-564	0.0006369	-564	0.0006369	-564	0.0006369	-564	0.0004187	-564	0	-564
R284	0.0006369	-566	0.0006369	-566	0.0006369	-566	0.0006369	-566	0.0006369	-566	0.0004291	-566	0	-566
R285	0.0006369	-568	0.0006369	-568	0.0006369	-568	0.0006369	-568	0.0006369	-568	0.0004394	-568	0	-568
R286	0.0006369	-570	0.0006369	-570	0.0006369	-570	0.0006369	-570	0.0006369	-570	0.0004496	-570	0	-570
R287	0.0006369	-572	0.0006369	-572	0.0006369	-572	0.0006369	-572	0.0006369	-572	0.0004595	-572	0	-572
R288	0.0006369	-574	0.0006369	-574	0.0006369	-574	0.0006369	-574	0.0006369	-574	0.000469	-574	0	-574
R289	0.0006369	-576	0.0006369	-576	0.0006369	-576	0.0006369	-576	0.0006369	-576	0.0004783	-576	0	-576
R290	0.0006369	-578	0.0006369	-578	0.0006369	-578	0.0006369	-578	0.0006369	-578	0.0004871	-578	0	-578
R291	0.0006369	-580	0.0006369	-580	0.0006369	-580	0.0006369	-580	0.0006369	-580	0.0004954	-580	0	-580
R292	0.0006369	-582	0.0006369	-582	0.0006369	-582	0.0006369	-582	0.0006369	-582	0.0005033	-582	0	-582
R293	0.0006369	-584	0.0006369	-584	0.0006369	-584	0.0006369	-584	0.0006369	-584	0.0005106	-584	0	-584
R294	0.0006369	-586	0.0006369	-586	0.0006369	-586	0.0006369	-586	0.0006369	-586	0.0005172	-586	0	-586
R295	0.0006369	-588	0.0006369	-588	0.0006369	-588	0.0006369	-588	0.0006369	-588	0.0005232	-588	0	-588
R296	0.0006369	-590	0.0006369	-590	0.0006369	-590	0.0006369	-590	0.0006369	-590	0.0005284	-590	0	-590
R297	0.0006369	-592	0.0006369	-592	0.0006369	-592	0.0006369	-592	0.0006369	-592	0.0005328	-592	0	-592
R298	0.0006369	-594	0.0006369	-594	0.0006369	-594	0.0006369	-594	0.0006369	-594	0.0005364	-594	0	-594
R299	0.0006369	-596	0.0006369	-596	0.0006369	-596	0.0006369	-596	0.0006369	-596	0.0005389	-596	0	-596
R300	0.0006369	-598	0.0006369	-598	0.0006369	-598	0.0006369	-598	0.0006369	-598	0.0005405	-598	0	-598
R301	0.0006369	-600	0.0006369	-600	0.0006369	-600	0.0006369	-600	0.0006369	-600	0.0005411	-600	0	-600