/*--------------------------------*- C++ -*----------------------------------*\
  =========                 |
  \\      /  F ield         | OpenFOAM: The Open Source CFD Toolbox
   \\    /   O peration     | Website:  https://openfoam.org
    \\  /    A nd           | Version:  7
     \\/     M anipulation  |
\*---------------------------------------------------------------------------*/
FoamFile
{
    version     2.0;
    format      ascii;
    class       vectorField;
    location    "constant/polyMesh";
    object      points;
}
// * * * * * * * * * * * * * * * * * * * * * * * * * * * * * * * * * * * * * //


500
(
(0 0 0)
(0.08 0 0)
(0 0.08 0)
(0.08 0.08 0)
(0 0 0.01004207469)
(0.08 0 0.01004207469)
(0 0.08 0.01004207469)
(0.08 0.08 0.01004207469)
(0 0 0.01995360616)
(0.08 0 0.01995360616)
(0 0.08 0.01995360616)
(0.08 0.08 0.01995360616)
(0 0 0.02973629143)
(0.08 0 0.02973629143)
(0 0.08 0.02973629143)
(0.08 0.08 0.02973629143)
(0 0 0.03939180544)
(0.08 0 0.03939180544)
(0 0.08 0.03939180544)
(0.08 0.08 0.03939180544)
(0 0 0.04892180138)
(0.08 0 0.04892180138)
(0 0.08 0.04892180138)
(0.08 0.08 0.04892180138)
(0 0 0.05832791093)
(0.08 0 0.05832791093)
(0 0.08 0.05832791093)
(0.08 0.08 0.05832791093)
(0 0 0.06761174457)
(0.08 0 0.06761174457)
(0 0.08 0.06761174457)
(0.08 0.08 0.06761174457)
(0 0 0.07677489184)
(0.08 0 0.07677489184)
(0 0.08 0.07677489184)
(0.08 0.08 0.07677489184)
(0 0 0.08581892161)
(0.08 0 0.08581892161)
(0 0.08 0.08581892161)
(0.08 0.08 0.08581892161)
(0 0 0.09474538238)
(0.08 0 0.09474538238)
(0 0.08 0.09474538238)
(0.08 0.08 0.09474538238)
(0 0 0.1035558025)
(0.08 0 0.1035558025)
(0 0.08 0.1035558025)
(0.08 0.08 0.1035558025)
(0 0 0.1122516904)
(0.08 0 0.1122516904)
(0 0.08 0.1122516904)
(0.08 0.08 0.1122516904)
(0 0 0.1208345351)
(0.08 0 0.1208345351)
(0 0.08 0.1208345351)
(0.08 0.08 0.1208345351)
(0 0 0.129305806)
(0.08 0 0.129305806)
(0 0.08 0.129305806)
(0.08 0.08 0.129305806)
(0 0 0.1376669535)
(0.08 0 0.1376669535)
(0 0.08 0.1376669535)
(0.08 0.08 0.1376669535)
(0 0 0.1459194092)
(0.08 0 0.1459194092)
(0 0.08 0.1459194092)
(0.08 0.08 0.1459194092)
(0 0 0.1540645861)
(0.08 0 0.1540645861)
(0 0.08 0.1540645861)
(0.08 0.08 0.1540645861)
(0 0 0.1621038787)
(0.08 0 0.1621038787)
(0 0.08 0.1621038787)
(0.08 0.08 0.1621038787)
(0 0 0.1700386635)
(0.08 0 0.1700386635)
(0 0.08 0.1700386635)
(0.08 0.08 0.1700386635)
(0 0 0.1778702991)
(0.08 0 0.1778702991)
(0 0.08 0.1778702991)
(0.08 0.08 0.1778702991)
(0 0 0.1856001264)
(0.08 0 0.1856001264)
(0 0.08 0.1856001264)
(0.08 0.08 0.1856001264)
(0 0 0.1932294687)
(0.08 0 0.1932294687)
(0 0.08 0.1932294687)
(0.08 0.08 0.1932294687)
(0 0 0.2007596325)
(0.08 0 0.2007596325)
(0 0.08 0.2007596325)
(0.08 0.08 0.2007596325)
(0 0 0.208191907)
(0.08 0 0.208191907)
(0 0.08 0.208191907)
(0.08 0.08 0.208191907)
(0 0 0.2155275647)
(0.08 0 0.2155275647)
(0 0.08 0.2155275647)
(0.08 0.08 0.2155275647)
(0 0 0.2227678615)
(0.08 0 0.2227678615)
(0 0.08 0.2227678615)
(0.08 0.08 0.2227678615)
(0 0 0.2299140372)
(0.08 0 0.2299140372)
(0 0.08 0.2299140372)
(0.08 0.08 0.2299140372)
(0 0 0.2369673153)
(0.08 0 0.2369673153)
(0 0.08 0.2369673153)
(0.08 0.08 0.2369673153)
(0 0 0.2439289034)
(0.08 0 0.2439289034)
(0 0.08 0.2439289034)
(0.08 0.08 0.2439289034)
(0 0 0.2507999935)
(0.08 0 0.2507999935)
(0 0.08 0.2507999935)
(0.08 0.08 0.2507999935)
(0 0 0.257581762)
(0.08 0 0.257581762)
(0 0.08 0.257581762)
(0.08 0.08 0.257581762)
(0 0 0.26427537)
(0.08 0 0.26427537)
(0 0.08 0.26427537)
(0.08 0.08 0.26427537)
(0 0 0.2708819636)
(0.08 0 0.2708819636)
(0 0.08 0.2708819636)
(0.08 0.08 0.2708819636)
(0 0 0.2774026739)
(0.08 0 0.2774026739)
(0 0.08 0.2774026739)
(0.08 0.08 0.2774026739)
(0 0 0.2838386175)
(0.08 0 0.2838386175)
(0 0.08 0.2838386175)
(0.08 0.08 0.2838386175)
(0 0 0.2901908962)
(0.08 0 0.2901908962)
(0 0.08 0.2901908962)
(0.08 0.08 0.2901908962)
(0 0 0.2964605976)
(0.08 0 0.2964605976)
(0 0.08 0.2964605976)
(0.08 0.08 0.2964605976)
(0 0 0.3026487953)
(0.08 0 0.3026487953)
(0 0.08 0.3026487953)
(0.08 0.08 0.3026487953)
(0 0 0.3087565487)
(0.08 0 0.3087565487)
(0 0.08 0.3087565487)
(0.08 0.08 0.3087565487)
(0 0 0.3147849036)
(0.08 0 0.3147849036)
(0 0.08 0.3147849036)
(0.08 0.08 0.3147849036)
(0 0 0.3207348921)
(0.08 0 0.3207348921)
(0 0.08 0.3207348921)
(0.08 0.08 0.3207348921)
(0 0 0.326607533)
(0.08 0 0.326607533)
(0 0.08 0.326607533)
(0.08 0.08 0.326607533)
(0 0 0.3324038318)
(0.08 0 0.3324038318)
(0 0.08 0.3324038318)
(0.08 0.08 0.3324038318)
(0 0 0.3381247809)
(0.08 0 0.3381247809)
(0 0.08 0.3381247809)
(0.08 0.08 0.3381247809)
(0 0 0.3437713597)
(0.08 0 0.3437713597)
(0 0.08 0.3437713597)
(0.08 0.08 0.3437713597)
(0 0 0.3493445351)
(0.08 0 0.3493445351)
(0 0.08 0.3493445351)
(0.08 0.08 0.3493445351)
(0 0 0.3548452614)
(0.08 0 0.3548452614)
(0 0.08 0.3548452614)
(0.08 0.08 0.3548452614)
(0 0 0.3602744802)
(0.08 0 0.3602744802)
(0 0.08 0.3602744802)
(0.08 0.08 0.3602744802)
(0 0 0.3656331212)
(0.08 0 0.3656331212)
(0 0.08 0.3656331212)
(0.08 0.08 0.3656331212)
(0 0 0.3709221019)
(0.08 0 0.3709221019)
(0 0.08 0.3709221019)
(0.08 0.08 0.3709221019)
(0 0 0.3761423279)
(0.08 0 0.3761423279)
(0 0.08 0.3761423279)
(0.08 0.08 0.3761423279)
(0 0 0.3812946928)
(0.08 0 0.3812946928)
(0 0.08 0.3812946928)
(0.08 0.08 0.3812946928)
(0 0 0.3863800789)
(0.08 0 0.3863800789)
(0 0.08 0.3863800789)
(0.08 0.08 0.3863800789)
(0 0 0.3913993569)
(0.08 0 0.3913993569)
(0 0.08 0.3913993569)
(0.08 0.08 0.3913993569)
(0 0 0.3963533862)
(0.08 0 0.3963533862)
(0 0.08 0.3963533862)
(0.08 0.08 0.3963533862)
(0 0 0.4012430149)
(0.08 0 0.4012430149)
(0 0.08 0.4012430149)
(0.08 0.08 0.4012430149)
(0 0 0.4060690803)
(0.08 0 0.4060690803)
(0 0.08 0.4060690803)
(0.08 0.08 0.4060690803)
(0 0 0.4108324086)
(0.08 0 0.4108324086)
(0 0.08 0.4108324086)
(0.08 0.08 0.4108324086)
(0 0 0.4155338155)
(0.08 0 0.4155338155)
(0 0.08 0.4155338155)
(0.08 0.08 0.4155338155)
(0 0 0.4201741058)
(0.08 0 0.4201741058)
(0 0.08 0.4201741058)
(0.08 0.08 0.4201741058)
(0 0 0.4247540741)
(0.08 0 0.4247540741)
(0 0.08 0.4247540741)
(0.08 0.08 0.4247540741)
(0 0 0.4292745045)
(0.08 0 0.4292745045)
(0 0.08 0.4292745045)
(0.08 0.08 0.4292745045)
(0 0 0.433736171)
(0.08 0 0.433736171)
(0 0.08 0.433736171)
(0.08 0.08 0.433736171)
(0 0 0.4381398375)
(0.08 0 0.4381398375)
(0 0.08 0.4381398375)
(0.08 0.08 0.4381398375)
(0 0 0.4424862579)
(0.08 0 0.4424862579)
(0 0.08 0.4424862579)
(0.08 0.08 0.4424862579)
(0 0 0.4467761766)
(0.08 0 0.4467761766)
(0 0.08 0.4467761766)
(0.08 0.08 0.4467761766)
(0 0 0.4510103278)
(0.08 0 0.4510103278)
(0 0.08 0.4510103278)
(0.08 0.08 0.4510103278)
(0 0 0.4551894368)
(0.08 0 0.4551894368)
(0 0.08 0.4551894368)
(0.08 0.08 0.4551894368)
(0 0 0.4593142188)
(0.08 0 0.4593142188)
(0 0.08 0.4593142188)
(0.08 0.08 0.4593142188)
(0 0 0.4633853802)
(0.08 0 0.4633853802)
(0 0.08 0.4633853802)
(0.08 0.08 0.4633853802)
(0 0 0.4674036181)
(0.08 0 0.4674036181)
(0 0.08 0.4674036181)
(0.08 0.08 0.4674036181)
(0 0 0.4713696203)
(0.08 0 0.4713696203)
(0 0.08 0.4713696203)
(0.08 0.08 0.4713696203)
(0 0 0.475284066)
(0.08 0 0.475284066)
(0 0.08 0.475284066)
(0.08 0.08 0.475284066)
(0 0 0.4791476254)
(0.08 0 0.4791476254)
(0 0.08 0.4791476254)
(0.08 0.08 0.4791476254)
(0 0 0.48296096)
(0.08 0 0.48296096)
(0 0.08 0.48296096)
(0.08 0.08 0.48296096)
(0 0 0.4867247226)
(0.08 0 0.4867247226)
(0 0.08 0.4867247226)
(0.08 0.08 0.4867247226)
(0 0 0.4904395577)
(0.08 0 0.4904395577)
(0 0.08 0.4904395577)
(0.08 0.08 0.4904395577)
(0 0 0.4941061014)
(0.08 0 0.4941061014)
(0 0.08 0.4941061014)
(0.08 0.08 0.4941061014)
(0 0 0.4977249813)
(0.08 0 0.4977249813)
(0 0.08 0.4977249813)
(0.08 0.08 0.4977249813)
(0 0 0.5012968172)
(0.08 0 0.5012968172)
(0 0.08 0.5012968172)
(0.08 0.08 0.5012968172)
(0 0 0.5048222205)
(0.08 0 0.5048222205)
(0 0.08 0.5048222205)
(0.08 0.08 0.5048222205)
(0 0 0.5083017949)
(0.08 0 0.5083017949)
(0 0.08 0.5083017949)
(0.08 0.08 0.5083017949)
(0 0 0.5117361361)
(0.08 0 0.5117361361)
(0 0.08 0.5117361361)
(0.08 0.08 0.5117361361)
(0 0 0.5151258322)
(0.08 0 0.5151258322)
(0 0.08 0.5151258322)
(0.08 0.08 0.5151258322)
(0 0 0.5184714635)
(0.08 0 0.5184714635)
(0 0.08 0.5184714635)
(0.08 0.08 0.5184714635)
(0 0 0.5217736029)
(0.08 0 0.5217736029)
(0 0.08 0.5217736029)
(0.08 0.08 0.5217736029)
(0 0 0.5250328156)
(0.08 0 0.5250328156)
(0 0.08 0.5250328156)
(0.08 0.08 0.5250328156)
(0 0 0.5282496598)
(0.08 0 0.5282496598)
(0 0.08 0.5282496598)
(0.08 0.08 0.5282496598)
(0 0 0.5314246863)
(0.08 0 0.5314246863)
(0 0.08 0.5314246863)
(0.08 0.08 0.5314246863)
(0 0 0.5345584386)
(0.08 0 0.5345584386)
(0 0.08 0.5345584386)
(0.08 0.08 0.5345584386)
(0 0 0.5376514532)
(0.08 0 0.5376514532)
(0 0.08 0.5376514532)
(0.08 0.08 0.5376514532)
(0 0 0.5407042599)
(0.08 0 0.5407042599)
(0 0.08 0.5407042599)
(0.08 0.08 0.5407042599)
(0 0 0.5437173812)
(0.08 0 0.5437173812)
(0 0.08 0.5437173812)
(0.08 0.08 0.5437173812)
(0 0 0.546691333)
(0.08 0 0.546691333)
(0 0.08 0.546691333)
(0.08 0.08 0.546691333)
(0 0 0.5496266246)
(0.08 0 0.5496266246)
(0 0.08 0.5496266246)
(0.08 0.08 0.5496266246)
(0 0 0.5525237585)
(0.08 0 0.5525237585)
(0 0.08 0.5525237585)
(0.08 0.08 0.5525237585)
(0 0 0.5553832307)
(0.08 0 0.5553832307)
(0 0.08 0.5553832307)
(0.08 0.08 0.5553832307)
(0 0 0.5582055309)
(0.08 0 0.5582055309)
(0 0.08 0.5582055309)
(0.08 0.08 0.5582055309)
(0 0 0.5609911422)
(0.08 0 0.5609911422)
(0 0.08 0.5609911422)
(0.08 0.08 0.5609911422)
(0 0 0.5637405416)
(0.08 0 0.5637405416)
(0 0.08 0.5637405416)
(0.08 0.08 0.5637405416)
(0 0 0.5664541998)
(0.08 0 0.5664541998)
(0 0.08 0.5664541998)
(0.08 0.08 0.5664541998)
(0 0 0.5691325815)
(0.08 0 0.5691325815)
(0 0.08 0.5691325815)
(0.08 0.08 0.5691325815)
(0 0 0.5717761453)
(0.08 0 0.5717761453)
(0 0.08 0.5717761453)
(0.08 0.08 0.5717761453)
(0 0 0.5743853436)
(0.08 0 0.5743853436)
(0 0.08 0.5743853436)
(0.08 0.08 0.5743853436)
(0 0 0.5769606234)
(0.08 0 0.5769606234)
(0 0.08 0.5769606234)
(0.08 0.08 0.5769606234)
(0 0 0.5795024255)
(0.08 0 0.5795024255)
(0 0.08 0.5795024255)
(0.08 0.08 0.5795024255)
(0 0 0.5820111852)
(0.08 0 0.5820111852)
(0 0.08 0.5820111852)
(0.08 0.08 0.5820111852)
(0 0 0.5844873319)
(0.08 0 0.5844873319)
(0 0.08 0.5844873319)
(0.08 0.08 0.5844873319)
(0 0 0.5869312896)
(0.08 0 0.5869312896)
(0 0.08 0.5869312896)
(0.08 0.08 0.5869312896)
(0 0 0.5893434768)
(0.08 0 0.5893434768)
(0 0.08 0.5893434768)
(0.08 0.08 0.5893434768)
(0 0 0.5917243064)
(0.08 0 0.5917243064)
(0 0.08 0.5917243064)
(0.08 0.08 0.5917243064)
(0 0 0.5940741862)
(0.08 0 0.5940741862)
(0 0.08 0.5940741862)
(0.08 0.08 0.5940741862)
(0 0 0.5963935184)
(0.08 0 0.5963935184)
(0 0.08 0.5963935184)
(0.08 0.08 0.5963935184)
(0 0 0.5986827001)
(0.08 0 0.5986827001)
(0 0.08 0.5986827001)
(0.08 0.08 0.5986827001)
(0 0 0.6009421233)
(0.08 0 0.6009421233)
(0 0.08 0.6009421233)
(0.08 0.08 0.6009421233)
(0 0 0.6031721749)
(0.08 0 0.6031721749)
(0 0.08 0.6031721749)
(0.08 0.08 0.6031721749)
(0 0 0.6053732366)
(0.08 0 0.6053732366)
(0 0.08 0.6053732366)
(0.08 0.08 0.6053732366)
(0 0 0.6075456854)
(0.08 0 0.6075456854)
(0 0.08 0.6075456854)
(0.08 0.08 0.6075456854)
(0 0 0.6096898931)
(0.08 0 0.6096898931)
(0 0.08 0.6096898931)
(0.08 0.08 0.6096898931)
(0 0 0.6118062269)
(0.08 0 0.6118062269)
(0 0.08 0.6118062269)
(0.08 0.08 0.6118062269)
(0 0 0.6138950492)
(0.08 0 0.6138950492)
(0 0.08 0.6138950492)
(0.08 0.08 0.6138950492)
(0 0 0.6159567176)
(0.08 0 0.6159567176)
(0 0.08 0.6159567176)
(0.08 0.08 0.6159567176)
(0 0 0.6179915851)
(0.08 0 0.6179915851)
(0 0.08 0.6179915851)
(0.08 0.08 0.6179915851)
(0 0 0.62)
(0.08 0 0.62)
(0 0.08 0.62)
(0.08 0.08 0.62)
)


// ************************************************************************* //
