295.390
592.485
912.485
1192.485
1512.485
1792.485
2112.485
2392.485
2712.485
2992.485
3312.485
3592.485
3912.485
4192.485
4512.485
4792.485
5112.485
5392.485
5712.485
5992.485
6312.485
6592.485
6912.485
7192.485
7512.485
7792.485
8112.485
8392.485
8712.485
8992.485
9312.485
9592.485
9912.485
10192.485
10512.485
10792.485
11112.485
11392.485
11712.485
11992.485
12312.485
12592.485
12912.485
13192.485
13512.485
13792.485
14112.485
14392.485
14712.485
14992.485
15312.485
15592.485
15912.485
16192.485
16512.485
16792.485
17112.485
17392.485
17712.485
17992.485
18312.485
18592.485
18912.485
19192.485
19512.485
19792.485
20112.485
20392.485
20712.485
20992.485
21312.485
21592.485
21912.485
22192.485
22512.485
22792.485
23112.485
23392.485
23712.485
23992.485
24312.485
24592.485
24912.485
25192.485
25512.485
25792.485
26112.485
26392.485
26712.485
26992.485
27312.485
27592.485
27912.485
28192.485
28512.485
28792.485
29112.485
29392.485
29712.485
29992.485
30312.485
30592.485
30912.485
31192.485
31512.485
31792.485
32112.485
32392.485
32712.485
32992.485
33312.485
33592.485
33912.485
34192.485
34512.485
34792.485
35112.485
35392.485
35712.485
35992.485
36312.485
36592.485
36912.485
37192.485
37512.485
37792.485
38112.485
38392.485
38712.485
38992.485
39312.485
39592.485
39912.485
40192.485
40512.485
40792.485
41112.485
41392.485
41712.485
41992.485
42312.485
42592.485
42912.485
43192.485
43512.485
43792.485
44112.485
44392.485
44712.485
44992.485
45312.485
45592.485
45912.485
46192.485
46512.485
46792.485
47112.485
47392.485
47712.485
47992.485
48312.485
48592.485
48912.485
49192.485
49512.485
49792.485
50112.485
50392.485
50712.485
50992.485
51312.485
51592.485
51912.485
52192.485
52512.485
52792.485
53112.485
53392.485
53712.485
53992.485
54312.485
54592.485
54912.485
55192.485
55512.485
55792.485
56112.485
56392.485
56712.485
56992.485
57312.485
57592.485
57912.485
58192.485
58512.485
58792.485
59112.485
59392.485
59712.485
59992.485
60312.485
60592.485
60912.485
61192.485
61512.485
61792.485
62112.485
62392.485
62712.485
62992.485
63312.485
63592.485
63912.485
64192.485
64512.485
64792.485
65112.485
65392.485
65712.485
65992.485
66312.485
66592.485
66912.485
67192.485
67512.485
67792.485
68112.485
68392.485
68712.485
68992.485
69312.485
69592.485
69912.485
70192.485
70512.485
70792.485
71112.485
71392.485
71712.485
71992.485
72312.485
72592.485
72912.485
73192.485
73512.485
73792.485
74112.485
74392.485
74712.485
74992.485
75312.485
75592.485
75912.485
76192.485
76512.485
76792.485
77112.485
77392.485
77712.485
77992.485
78312.485
78592.485
78912.485
79192.485
79512.485
79792.485
80112.485
80392.485
80712.485
80992.485
81312.485
81592.485
81912.485
82192.485
82512.485
82792.485
83112.485
83392.485
83712.485
83992.485
84312.485
84592.485
84912.485
85192.485
85512.485
85792.485
86112.485
86392.485
86712.485
86992.485
87312.485
87592.485
87912.485
88192.485
88512.485
88792.485
89112.485
89392.485
89712.485
89992.485
90312.485
90592.485
90912.485
91192.485
91512.485
91792.485
92112.485
92392.485
92712.485
92992.485
93312.485
93592.485
93912.485
94192.485
94512.485
94792.485
95112.485
95392.485
95712.485
95992.485
96312.485
96592.485
96912.485
97192.485
97512.485
97792.485
98112.485
98392.485
98712.485
98992.485
99312.485
99592.485
99912.485
100192.485
100512.485
100792.485
101112.485
101392.485
101712.485
101992.485
102312.485
102592.485
102912.485
103192.485
103512.485
103792.485
104112.485
104392.485
104712.485
104992.485
105312.485
105592.485
105912.485
106192.485
106512.485
106792.485
107112.485
107392.485
107712.485
107992.485
108312.485
108592.485
108912.485
109192.485
109512.485
109792.485
110112.485
110392.485
110712.485
110992.485
111312.485
111592.485
111912.485
112192.485
112512.485
112792.485
113112.485
113392.485
113712.485
113992.485
114312.485
114592.485
114912.485
115192.485
115512.485
115792.485
116112.485
116392.485
116712.485
116992.485
117312.485
117592.485
117912.485
118192.485
118512.485
118792.485
119112.485
119392.485
119712.485
119992.485
120312.485
120592.485
120912.485
121192.485
121512.485
121792.485
122112.485
122392.485
122712.485
122992.485
123312.485
123592.485
123912.485
124192.485
124512.485
124792.485
125112.485
125392.485
125712.485
125992.485
126312.485
126592.485
126912.485
127192.485
127512.485
127792.485
128112.485
128392.485
128712.485
128992.485
129312.485
129592.485
129912.485
130192.485
130512.485
130792.485
131112.485
131392.485
131712.485
131992.485
132312.485
132592.485
132912.485
133192.485
133512.485
133792.485
134112.485
134392.485
134712.485
134992.485
135312.485
135592.485
135912.485
136192.485
136512.485
136792.485
137112.485
137392.485
137712.485
137992.485
138312.485
138592.485
138912.485
139192.485
139512.485
139792.485
140112.485
140392.485
140712.485
140992.485
141312.485
141592.485
141912.485
142192.485
142512.485
142792.485
143112.485
143392.485
143712.485
143992.485
144312.485
144592.485
144912.485
145192.485
145512.485
145792.485
146112.485
146392.485
146712.485
146992.485
147312.485
147592.485
147912.485
148192.485
148512.485
148792.485
149112.485
149392.485
149712.485
149992.485
150312.485
150592.485
150912.485
151192.485
151512.485
151792.485
152112.485
152392.485
152712.485
152992.485
153312.485
153592.485
153912.485
154192.485
154512.485
154792.485
155112.485
155392.485
155712.485
155992.485
156312.485
156592.485
156912.485
157192.485
157512.485
157792.485
158112.485
158392.485
158712.485
158992.485
159312.485
159592.485
159912.485
160192.485
160512.485
160792.485
161112.485
161392.485
161712.485
161992.485
162312.485
162592.485
162912.485
163192.485
163512.485
163792.485
164112.485
164392.485
164712.485
164992.485
165312.485
165592.485
165912.485
166192.485
166512.485
166792.485
167112.485
167392.485
167712.485
167992.485
168312.485
168592.485
168912.485
169192.485
169512.485
169792.485
170112.485
170392.485
170712.485
170992.485
171312.485
171592.485
171912.485
172192.485
172512.485
172792.485
173112.485
173392.485
173712.485
173992.485
174312.485
174592.485
174912.485
175192.485
175512.485
175792.485
176112.485
176392.485
176712.485
176992.485
177312.485
177592.485
177912.485
178192.485
178512.485
178792.485
179112.485
179392.485
179712.485
179992.485
180312.485
180592.485
180912.485
181192.485
181512.485
181792.485
182112.485
182392.485
182712.485
182992.485
183312.485
183592.485
183912.485
184192.485
184512.485
184792.485
185112.485
185392.485
185712.485
185992.485
186312.485
186592.485
186912.485
187192.485
187512.485
187792.485
188112.485
188392.485
188712.485
188992.485
189312.485
189592.485
189912.485
190192.485
190512.485
190792.485
191112.485
191392.485
191712.485
191992.485
192312.485
192592.485
192912.485
193192.485
193512.485
193792.485
194112.485
194392.485
194712.485
194992.485
195312.485
195592.485
195912.485
196192.485
196512.485
196792.485
197112.485
197392.485
197712.485
197992.485
198312.485
198592.485
198912.485
199192.485
199512.485
199792.485
200112.485
200392.485
200712.485
200992.485
201312.485
201592.485
201912.485
202192.485
202512.485
202792.485
203112.485
203392.485
203712.485
203992.485
204312.485
204592.485
204912.485
205192.485
205512.485
205792.485
206112.485
206392.485
206712.485
206992.485
207312.485
207592.485
207912.485
208192.485
208512.485
208792.485
209112.485
209392.485
209712.485
209992.485
210312.485
210592.485
210912.485
211192.485
211512.485
211792.485
212112.485
212392.485
212712.485
212992.485
213312.485
213592.485
213912.485
214192.485
214512.485
214792.485
215112.485
215392.485
215712.485
215992.485
216312.485
216592.485
216912.485
217192.485
217512.485
217792.485
218112.485
218392.485
218712.485
218992.485
219312.485
219592.485
219912.485
220192.485
220512.485
220792.485
221112.485
221392.485
221712.485
221992.485
222312.485
222592.485
222912.485
223192.485
223512.485
223792.485
224112.485
224392.485
224712.485
224992.485
225312.485
225592.485
225912.485
226192.485
226512.485
226792.485
227112.485
227392.485
227712.485
227992.485
228312.485
228592.485
228912.485
229192.485
229512.485
229792.485
230112.485
230392.485
230712.485
230992.485
231312.485
231592.485
231912.485
232192.485
232512.485
232792.485
233112.485
233392.485
233712.485
233992.485
234312.485
234592.485
234912.485
235192.485
235512.485
235792.485
236112.485
236392.485
236712.485
236992.485
237312.485
237592.485
237912.485
238192.485
238512.485
238792.485
239112.485
239392.485
239712.485
239992.485
240312.485
240592.485
240912.485
241192.485
241512.485
241792.485
242112.485
242392.485
242712.485
242992.485
243312.485
243592.485
243912.485
244192.485
244512.485
244792.485
245112.485
245392.485
245712.485
245992.485
246312.485
246592.485
246912.485
247192.485
247512.485
247792.485
248112.485
248392.485
248712.485
248992.485
249312.485
249592.485
249912.485
250192.485
250512.485
250792.485
251112.485
251392.485
251712.485
251992.485
252312.485
252592.485
252912.485
253192.485
253512.485
253792.485
254112.485
254392.485
254712.485
254992.485
255312.485
255592.485
255912.485
256192.485
256512.485
256792.485
257112.485
257392.485
257712.485
257992.485
258312.485
258592.485
258912.485
259192.485
259512.485
259792.485
260112.485
260392.485
260712.485
260992.485
261312.485
261592.485
261912.485
262192.485
262512.485
262792.485
263112.485
263392.485
263712.485
263992.485
264312.485
264592.485
264912.485
265192.485
265512.485
265792.485
266112.485
266392.485
266712.485
266992.485
267312.485
267592.485
267912.485
268192.485
268512.485
268792.485
269112.485
269392.485
269712.485
269992.485
270312.485
270592.485
270912.485
271192.485
271512.485
271792.485
272112.485
272392.485
272712.485
272992.485
273312.485
273592.485
273912.485
274192.485
274512.485
274792.485
275112.485
275392.485
275712.485
275992.485
276312.485
276592.485
276912.485
277192.485
277512.485
277792.485
278112.485
278392.485
278712.485
278992.485
279312.485
279592.485
279912.485
280192.485
280512.485
280792.485
281112.485
281392.485
281712.485
281992.485
282312.485
282592.485
282912.485
283192.485
283512.485
283792.485
284112.485
284392.485
284712.485
284992.485
285312.485
285592.485
285912.485
286192.485
286512.485
286792.485
287112.485
287392.485
287712.485
287992.485
288312.485
288592.485
288912.485
289192.485
289512.485
289792.485
290112.485
290392.485
290712.485
290992.485
291312.485
291592.485
291912.485
292192.485
292512.485
292792.485
293112.485
293392.485
293712.485
293992.485
294312.485
294592.485
294912.485
295192.485
295512.485
295792.485
296112.485
296392.485
296712.485
296992.485
297312.485
297592.485
297912.485
298192.485
298512.485
298792.485
299112.485
299392.485
299712.485
299992.485
300312.485
300592.485
300912.485
301192.485
301512.485
301792.485
302112.485
302392.485
302712.485
302992.485
303312.485
303592.485
303912.485
304192.485
304512.485
304792.485
305112.485
305392.485
305712.485
305992.485
306312.485
306592.485
306912.485
307192.485
307512.485
307792.485
308112.485
308392.485
308712.485
308992.485
309312.485
309592.485
309912.485
310192.485
310512.485
310792.485
311112.485
311392.485
311712.485
311992.485
312312.485
312592.485
312912.485
313192.485
313512.485
313792.485
314112.485
314392.485
314712.485
314992.485
315312.485
315592.485
315912.485
316192.485
316512.485
316792.485
317112.485
317392.485
317712.485
317992.485
318312.485
318592.485
318912.485
319192.485
319512.485
319792.485
320112.485
320392.485
320712.485
320992.485
321312.485
321592.485
321912.485
322192.485
322512.485
322792.485
323112.485
323392.485
323712.485
323992.485
324312.485
324592.485
324912.485
325192.485
325512.485
325792.485
326112.485
326392.485
326712.485
326992.485
327312.485
327592.485
327912.485
328192.485
328512.485
328792.485
329112.485
329392.485
329712.485
329992.485
330312.485
330592.485
330912.485
331192.485
331512.485
331792.485
332112.485
332392.485
332712.485
332992.485
333312.485
333592.485
333912.485
334192.485
334512.485
334792.485
335112.485
335392.485
335712.485
335992.485
336312.485
336592.485
336912.485
337192.485
337512.485
337792.485
338112.485
338392.485
338712.485
338992.485
339312.485
339592.485
339912.485
340192.485
340512.485
340792.485
341112.485
341392.485
341712.485
341992.485
342312.485
342592.485
342912.485
343192.485
343512.485
343792.485
344112.485
344392.485
344712.485
344992.485
345312.485
345592.485
345912.485
346192.485
346512.485
346792.485
347112.485
347392.485
347712.485
347992.485
348312.485
348592.485
348912.485
349192.485
349512.485
349792.485
350112.485
350392.485
350712.485
350992.485
351312.485
351592.485
351912.485
352192.485
352512.485
352792.485
353112.485
353392.485
353712.485
353992.485
354312.485
354592.485
354912.485
355192.485
355512.485
355792.485
356112.485
356392.485
356712.485
356992.485
357312.485
357592.485
357912.485
358192.485
358512.485
358792.485
359112.485
359392.485
359712.485
359992.485
360312.485
360592.485
360912.485
361192.485
361512.485
361792.485
362112.485
362392.485
362712.485
362992.485
363312.485
363592.485
363912.485
364192.485
364512.485
364792.485
365112.485
365392.485
365712.485
365992.485
366312.485
366592.485
366912.485
367192.485
367512.485
367792.485
368112.485
368392.485
368712.485
368992.485
369312.485
369592.485
369912.485
370192.485
370512.485
370792.485
371112.485
371392.485
371712.485
371992.485
372312.485
372592.485
372912.485
373192.485
373512.485
373792.485
374112.485
374392.485
374712.485
374992.485
375312.485
375592.485
375912.485
376192.485
376512.485
376792.485
377112.485
377392.485
377712.485
377992.485
378312.485
378592.485
378912.485
379192.485
379512.485
379792.485
380112.485
380392.485
380712.485
380992.485
381312.485
381592.485
381912.485
382192.485
382512.485
382792.485
383112.485
383392.485
383712.485
383992.485
384312.485
384592.485
384912.485
385192.485
385512.485
385792.485
386112.485
386392.485
386712.485
386992.485
387312.485
387592.485
387912.485
388192.485
388512.485
388792.485
389112.485
389392.485
389712.485
389992.485
390312.485
390592.485
390912.485
391192.485
391512.485
391792.485
392112.485
392392.485
392712.485
392992.485
393312.485
393592.485
393912.485
394192.485
394512.485
394792.485
395112.485
395392.485
395712.485
395992.485
396312.485
396592.485
396912.485
397192.485
397512.485
397792.485
398112.485
398392.485
398712.485
398992.485
399312.485
399592.485
399912.485
400192.485
400512.485
400792.485
401112.485
401392.485
401712.485
401992.485
402312.485
402592.485
402912.485
403192.485
403512.485
403792.485
404112.485
404392.485
404712.485
404992.485
405312.485
405592.485
405912.485
406192.485
406512.485
406792.485
407112.485
407392.485
407712.485
407992.485
408312.485
408592.485
408912.485
409192.485
409512.485
409792.485
410112.485
410392.485
410712.485
410992.485
411312.485
411592.485
411912.485
412192.485
412512.485
412792.485
413112.485
413392.485
413712.485
413992.485
414312.485
414592.485
414912.485
415192.485
415512.485
415792.485
416112.485
416392.485
416712.485
416992.485
417312.485
417592.485
417912.485
418192.485
418512.485
418792.485
419112.485
419392.485
419712.485
419992.485
420312.485
420592.485
420912.485
421192.485
421512.485
421792.485
422112.485
422392.485
422712.485
422992.485
423312.485
423592.485
423912.485
424192.485
424512.485
424792.485
425112.485
425392.485
425712.485
425992.485
426312.485
426592.485
426912.485
427192.485
427512.485
427792.485
428112.485
428392.485
428712.485
428992.485
429312.485
429592.485
429912.485
430192.485
430512.485
430792.485
431112.485
431392.485
431712.485
431992.485
432312.485
432592.485
432912.485
433192.485
433512.485
433792.485
434112.485
434392.485
434712.485
434992.485
435312.485
435592.485
435912.485
436192.485
436512.485
436792.485
437112.485
437392.485
437712.485
437992.485
438312.485
438592.485
438912.485
439192.485
439512.485
439792.485
440112.485
440392.485
440712.485
440992.485
441312.485
441592.485
441912.485
442192.485
442512.485
442792.485
443112.485
443392.485
443712.485
443992.485
444312.485
444592.485
444912.485
445192.485
445512.485
445792.485
446112.485
446392.485
446712.485
446992.485
447312.485
447592.485
447912.485
448192.485
448512.485
448792.485
449112.485
449392.485
449712.485
449992.485
450312.485
450592.485
450912.485
451192.485
451512.485
451792.485
452112.485
452392.485
452712.485
452992.485
453312.485
453592.485
453912.485
454192.485
454512.485
454792.485
455112.485
455392.485
455712.485
455992.485
456312.485
456592.485
456912.485
457192.485
457512.485
457792.485
458112.485
458392.485
458712.485
458992.485
459312.485
459592.485
459912.485
460192.485
460512.485
460792.485
461112.485
461392.485
461712.485
461992.485
462312.485
462592.485
462912.485
463192.485
463512.485
463792.485
464112.485
464392.485
464712.485
464992.485
465312.485
465592.485
465912.485
466192.485
466512.485
466792.485
467112.485
467392.485
467712.485
467992.485
468312.485
468592.485
468912.485
469192.485
469512.485
469792.485
470112.485
470392.485
470712.485
470992.485
471312.485
471592.485
471912.485
472192.485
472512.485
472792.485
473112.485
473392.485
473712.485
473992.485
474312.485
474592.485
474912.485
475192.485
475512.485
475792.485
476112.485
476392.485
476712.485
476992.485
477312.485
477592.485
477912.485
478192.485
478512.485
478792.485
479112.485
479392.485
479712.485
479992.485
480312.485
480592.485
480912.485
481192.485
481512.485
481792.485
482112.485
482392.485
482712.485
482992.485
483312.485
483592.485
483912.485
484192.485
484512.485
484792.485
485112.485
485392.485
485712.485
485992.485
486312.485
486592.485
486912.485
487192.485
487512.485
487792.485
488112.485
488392.485
488712.485
488992.485
489312.485
489592.485
489912.485
490192.485
490512.485
490792.485
491112.485
491392.485
491712.485
491992.485
492312.485
492592.485
492912.485
493192.485
493512.485
493792.485
494112.485
494392.485
494712.485
494992.485
495312.485
495592.485
495912.485
496192.485
496512.485
496792.485
497112.485
497392.485
497712.485
497992.485
498312.485
498592.485
498912.485
499192.485
499512.485
499792.485
500112.485
500392.485
500712.485
500992.485
501312.485
501592.485
501912.485
502192.485
502512.485
502792.485
503112.485
503392.485
503712.485
503992.485
504312.485
504592.485
504912.485
505192.485
505512.485
505792.485
506112.485
506392.485
506712.485
506992.485
507312.485
507592.485
507912.485
508192.485
508512.485
508792.485
509112.485
509392.485
509712.485
509992.485
510312.485
510592.485
510912.485
511192.485
511512.485
511792.485
512112.485
512392.485
512712.485
512992.485
513312.485
513592.485
513912.485
514192.485
514512.485
514792.485
515112.485
515392.485
515712.485
515992.485
516312.485
516592.485
516912.485
517192.485
517512.485
517792.485
518112.485
518392.485
518712.485
518992.485
519312.485
519592.485
519912.485
520192.485
520512.485
520792.485
521112.485
521392.485
521712.485
521992.485
522312.485
522592.485
522912.485
523192.485
523512.485
523792.485
524112.485
524392.485
524712.485
524992.485
525312.485
525592.485
525912.485
526192.485
526512.485
526792.485
527112.485
527392.485
527712.485
527992.485
528312.485
528592.485
528912.485
529192.485
529512.485
529792.485
530112.485
530392.485
530712.485
530992.485
531312.485
531592.485
531912.485
532192.485
532512.485
532792.485
533112.485
533392.485
533712.485
533992.485
534312.485
534592.485
534912.485
535192.485
535512.485
535792.485
536112.485
536392.485
536712.485
536992.485
537312.485
537592.485
537912.485
538192.485
538512.485
538792.485
539112.485
539392.485
539712.485
539992.485
540312.485
540592.485
540912.485
541192.485
541512.485
541792.485
542112.485
542392.485
542712.485
542992.485
543312.485
543592.485
543912.485
544192.485
544512.485
544792.485
545112.485
545392.485
545712.485
545992.485
546312.485
546592.485
546912.485
547192.485
547512.485
547792.485
548112.485
548392.485
548712.485
548992.485
549312.485
549592.485
549912.485
550192.485
550512.485
550792.485
551112.485
551392.485
551712.485
551992.485
552312.485
552592.485
552912.485
553192.485
553512.485
553792.485
554112.485
554392.485
554712.485
554992.485
555312.485
555592.485
555912.485
556192.485
556512.485
556792.485
557112.485
557392.485
557712.485
557992.485
558312.485
558592.485
558912.485
559192.485
559512.485
559792.485
560112.485
560392.485
560712.485
560992.485
561312.485
561592.485
561912.485
562192.485
562512.485
562792.485
563112.485
563392.485
563712.485
563992.485
564312.485
564592.485
564912.485
565192.485
565512.485
565792.485
566112.485
566392.485
566712.485
566992.485
567312.485
567592.485
567912.485
568192.485
568512.485
568792.485
569112.485
569392.485
569712.485
569992.485
570312.485
570592.485
570912.485
571192.485
571512.485
571792.485
572112.485
572392.485
572712.485
572992.485
573312.485
573592.485
573912.485
574192.485
574512.485
574792.485
575112.485
575392.485
575712.485
575992.485
576312.485
576592.485
576912.485
577192.485
577512.485
577792.485
578112.485
578392.485
578712.485
578992.485
579312.485
579592.485
579912.485
580192.485
580512.485
580792.485
581112.485
581392.485
581712.485
581992.485
582312.485
582592.485
582912.485
583192.485
583512.485
583792.485
584112.485
584392.485
584712.485
584992.485
585312.485
585592.485
585912.485
586192.485
586512.485
586792.485
587112.485
587392.485
587712.485
587992.485
588312.485
588592.485
588912.485
589192.485
589512.485
589792.485
590112.485
590392.485
590712.485
590992.485
591312.485
591592.485
591912.485
592192.485
592512.485
592792.485
593112.485
593392.485
593712.485
593992.485
594312.485
594592.485
594912.485
595192.485
595512.485
595792.485
596112.485
596392.485
596712.485
596992.485
597312.485
597592.485
597912.485
598192.485
598512.485
598792.485
599112.485
599392.485
599712.485
599992.485
600312.485
600592.485
600912.485
601192.485
601512.485
601792.485
602112.485
602392.485
602712.485
602992.485
603312.485
603592.485
603912.485
604192.485
604512.485
604792.485
605112.485
605392.485
605712.485
605992.485
606312.485
606592.485
606912.485
607192.485
607512.485
607792.485
608112.485
608392.485
608712.485
608992.485
609312.485
609592.485
609912.485
610192.485
610512.485
610792.485
611112.485
611392.485
611712.485
611992.485
612312.485
612592.485
612912.485
613192.485
613512.485
613792.485
614112.485
614392.485
614712.485
614992.485
615312.485
615592.485
615912.485
616192.485
616512.485
616792.485
617112.485
617392.485
617712.485
617992.485
618312.485
618592.485
618912.485
619192.485
619512.485
619792.485
620112.485
620392.485
620712.485
620992.485
621312.485
621592.485
621912.485
622192.485
622512.485
622792.485
623112.485
623392.485
623712.485
623992.485
624312.485
624592.485
624912.485
625192.485
625512.485
625792.485
626112.485
626392.485
626712.485
626992.485
627312.485
627592.485
627912.485
628192.485
628512.485
628792.485
629112.485
629392.485
629712.485
629992.485
630312.485
630592.485
630912.485
631192.485
631512.485
631792.485
632112.485
632392.485
632712.485
632992.485
633312.485
633592.485
633912.485
634192.485
634512.485
634792.485
635112.485
635392.485
635712.485
635992.485
636312.485
636592.485
636912.485
637192.485
637512.485
637792.485
638112.485
638392.485
638712.485
638992.485
639312.485
639592.485
639912.485
640192.485
640512.485
640792.485
641112.485
641392.485
641712.485
641992.485
642312.485
642592.485
642912.485
643192.485
643512.485
643792.485
644112.485
644392.485
644712.485
644992.485
645312.485
645592.485
645912.485
646192.485
646512.485
646792.485
647112.485
647392.485
647712.485
647992.485
648312.485
648592.485
648912.485
649192.485
649512.485
649792.485
650112.485
650392.485
650712.485
650992.485
651312.485
651592.485
651912.485
652192.485
652512.485
652792.485
653112.485
653392.485
653712.485
653992.485
654312.485
654592.485
654912.485
655192.485
655512.485
655792.485
656112.485
656392.485
656712.485
656992.485
657312.485
657592.485
657912.485
658192.485
658512.485
658792.485
659112.485
659392.485
659712.485
659992.485
660312.485
660592.485
660912.485
661192.485
661512.485
661792.485
662112.485
662392.485
662712.485
662992.485
663312.485
663592.485
663912.485
664192.485
664512.485
664792.485
665112.485
665392.485
665712.485
665992.485
666312.485
666592.485
666912.485
667192.485
667512.485
667792.485
668112.485
668392.485
668712.485
668992.485
669312.485
669592.485
669912.485
670192.485
670512.485
670792.485
671112.485
671392.485
671712.485
671992.485
672312.485
672592.485
672912.485
673192.485
673512.485
673792.485
674112.485
674392.485
674712.485
674992.485
675312.485
675592.485
675912.485
676192.485
676512.485
676792.485
677112.485
677392.485
677712.485
677992.485
678312.485
678592.485
678912.485
679192.485
679512.485
679792.485
680112.485
680392.485
680712.485
680992.485
681312.485
681592.485
681912.485
682192.485
682512.485
682792.485
683112.485
683392.485
683712.485
683992.485
684312.485
684592.485
684912.485
685192.485
685512.485
685792.485
686112.485
686392.485
686712.485
686992.485
687312.485
687592.485
687912.485
688192.485
688512.485
688792.485
689112.485
689392.485
689712.485
689992.485
690312.485
690592.485
690912.485
691192.485
691512.485
691792.485
692112.485
692392.485
692712.485
692992.485
693312.485
693592.485
693912.485
694192.485
694512.485
694792.485
695112.485
695392.485
695712.485
695992.485
696312.485
696592.485
696912.485
697192.485
697512.485
697792.485
698112.485
698392.485
698712.485
698992.485
699312.485
699592.485
699912.485
700192.485
700512.485
700792.485
701112.485
701392.485
701712.485
701992.485
702312.485
702592.485
702912.485
703192.485
703512.485
703792.485
704112.485
704392.485
704712.485
704992.485
705312.485
705592.485
705912.485
706192.485
706512.485
706792.485
707112.485
707392.485
707712.485
707992.485
708312.485
708592.485
708912.485
709192.485
709512.485
709792.485
710112.485
710392.485
710712.485
710992.485
711312.485
711592.485
711912.485
712192.485
712512.485
712792.485
713112.485
713392.485
713712.485
713992.485
714312.485
714592.485
714912.485
715192.485
715512.485
715792.485
716112.485
716392.485
716712.485
716992.485
717312.485
717592.485
717912.485
718192.485
718512.485
718792.485
719112.485
719392.485
719712.485
719992.485
720312.485
720592.485
720912.485
721192.485
721512.485
721792.485
722112.485
722392.485
722712.485
722992.485
723312.485
723592.485
723912.485
724192.485
724512.485
724792.485
725112.485
725392.485
725712.485
725992.485
726312.485
726592.485
726912.485
727192.485
727512.485
727792.485
728112.485
728392.485
728712.485
728992.485
729312.485
729592.485
729912.485
730192.485
730512.485
730792.485
731112.485
731392.485
731712.485
731992.485
732312.485
732592.485
732912.485
733192.485
733512.485
733792.485
734112.485
734392.485
734712.485
734992.485
735312.485
735592.485
735912.485
736192.485
736512.485
736792.485
737112.485
737392.485
737712.485
737992.485
738312.485
738592.485
738912.485
739192.485
739512.485
739792.485
740112.485
740392.485
740712.485
740992.485
741312.485
741592.485
741912.485
742192.485
742512.485
742792.485
743112.485
743392.485
743712.485
743992.485
744312.485
744592.485
744912.485
745192.485
745512.485
745792.485
746112.485
746392.485
746712.485
746992.485
747312.485
747592.485
747912.485
748192.485
748512.485
748792.485
749112.485
749392.485
749712.485
749992.485
750312.485
750592.485
750912.485
751192.485
751512.485
751792.485
752112.485
752392.485
752712.485
752992.485
753312.485
753592.485
753912.485
754192.485
754512.485
754792.485
755112.485
755392.485
755712.485
755992.485
756312.485
756592.485
756912.485
757192.485
757512.485
757792.485
758112.485
758392.485
758712.485
758992.485
759312.485
759592.485
759912.485
760192.485
760512.485
760792.485
761112.485
761392.485
761712.485
761992.485
762312.485
762592.485
762912.485
763192.485
763512.485
763792.485
764112.485
764392.485
764712.485
764992.485
765312.485
765592.485
765912.485
766192.485
766512.485
766792.485
767112.485
767392.485
767712.485
767992.485
768312.485
768592.485
768912.485
769192.485
769512.485
769792.485
770112.485
770392.485
770712.485
770992.485
771312.485
771592.485
771912.485
772192.485
772512.485
772792.485
773112.485
773392.485
773712.485
773992.485
774312.485
774592.485
774912.485
775192.485
775512.485
775792.485
776112.485
776392.485
776712.485
776992.485
777312.485
777592.485
777912.485
778192.485
778512.485
778792.485
779112.485
779392.485
779712.485
779992.485
780312.485
780592.485
780912.485
781192.485
781512.485
781792.485
782112.485
782392.485
782712.485
782992.485
783312.485
783592.485
783912.485
784192.485
784512.485
784792.485
785112.485
785392.485
785712.485
785992.485
786312.485
786592.485
786912.485
787192.485
787512.485
787792.485
788112.485
788392.485
788712.485
788992.485
789312.485
789592.485
789912.485
790192.485
790512.485
790792.485
791112.485
791392.485
791712.485
791992.485
792312.485
792592.485
792912.485
793192.485
793512.485
793792.485
794112.485
794392.485
794712.485
794992.485
795312.485
795592.485
795912.485
796192.485
796512.485
796792.485
797112.485
797392.485
797712.485
797992.485
798312.485
798592.485
798912.485
799192.485
799512.485
799792.485
800112.485
800392.485
800712.485
800992.485
801312.485
801592.485
801912.485
802192.485
802512.485
802792.485
803112.485
803392.485
803712.485
803992.485
804312.485
804592.485
804912.485
805192.485
805512.485
805792.485
806112.485
806392.485
806712.485
806992.485
807312.485
807592.485
807912.485
808192.485
808512.485
808792.485
809112.485
809392.485
809712.485
809992.485
810312.485
810592.485
810912.485
811192.485
811512.485
811792.485
812112.485
812392.485
812712.485
812992.485
813312.485
813592.485
813912.485
814192.485
814512.485
814792.485
815112.485
815392.485
815712.485
815992.485
816312.485
816592.485
816912.485
817192.485
817512.485
817792.485
818112.485
818392.485
818712.485
818992.485
819312.485
819592.485
819912.485
820192.485
820512.485
820792.485
821112.485
821392.485
821712.485
821992.485
822312.485
822592.485
822912.485
823192.485
823512.485
823792.485
824112.485
824392.485
824712.485
824992.485
825312.485
825592.485
825912.485
826192.485
826512.485
826792.485
827112.485
827392.485
827712.485
827992.485
828312.485
828592.485
828912.485
829192.485
829512.485
829792.485
830112.485
830392.485
830712.485
830992.485
831312.485
831592.485
831912.485
832192.485
832512.485
832792.485
833112.485
833392.485
833712.485
833992.485
834312.485
834592.485
834912.485
835192.485
835512.485
835792.485
836112.485
836392.485
836712.485
836992.485
837312.485
837592.485
837912.485
838192.485
838512.485
838792.485
839112.485
839392.485
839712.485
839992.485
840312.485
840592.485
840912.485
841192.485
841512.485
841792.485
842112.485
842392.485
842712.485
842992.485
843312.485
843592.485
843912.485
844192.485
844512.485
844792.485
845112.485
845392.485
845712.485
845992.485
846312.485
846592.485
846912.485
847192.485
847512.485
847792.485
848112.485
848392.485
848712.485
848992.485
849312.485
849592.485
849912.485
850192.485
850512.485
850792.485
851112.485
851392.485
851712.485
851992.485
852312.485
852592.485
852912.485
853192.485
853512.485
853792.485
854112.485
854392.485
854712.485
854992.485
855312.485
855592.485
855912.485
856192.485
856512.485
856792.485
857112.485
857392.485
857712.485
857992.485
858312.485
858592.485
858912.485
859192.485
859512.485
859792.485
860112.485
860392.485
860712.485
860992.485
861312.485
861592.485
861912.485
862192.485
862512.485
862792.485
863112.485
863392.485
863712.485
863992.485
864312.485
864592.485
864912.485
865192.485
865512.485
865792.485
866112.485
866392.485
866712.485
866992.485
867312.485
867592.485
867912.485
868192.485
868512.485
868792.485
869112.485
869392.485
869712.485
869992.485
870312.485
870592.485
870912.485
871192.485
871512.485
871792.485
872112.485
872392.485
872712.485
872992.485
873312.485
873592.485
873912.485
874192.485
874512.485
874792.485
875112.485
875392.485
875712.485
875992.485
876312.485
876592.485
876912.485
877192.485
877512.485
877792.485
878112.485
878392.485
878712.485
878992.485
879312.485
879592.485
879912.485
880192.485
880512.485
880792.485
881112.485
881392.485
881712.485
881992.485
882312.485
882592.485
882912.485
883192.485
883512.485
883792.485
884112.485
884392.485
884712.485
884992.485
885312.485
885592.485
885912.485
886192.485
886512.485
886792.485
887112.485
887392.485
887712.485
887992.485
888312.485
888592.485
888912.485
889192.485
889512.485
889792.485
890112.485
890392.485
890712.485
890992.485
891312.485
891592.485
891912.485
892192.485
892512.485
892792.485
893112.485
893392.485
893712.485
893992.485
894312.485
894592.485
894912.485
895192.485
895512.485
895792.485
896112.485
896392.485
896712.485
896992.485
897312.485
897592.485
897912.485
898192.485
898512.485
898792.485
899112.485
899392.485
899712.485
899992.485
900312.485
900592.485
900912.485
901192.485
901512.485
901792.485
902112.485
902392.485
902712.485
902992.485
903312.485
903592.485
903912.485
904192.485
904512.485
904792.485
905112.485
905392.485
905712.485
905992.485
906312.485
906592.485
906912.485
907192.485
907512.485
907792.485
908112.485
908392.485
908712.485
908992.485
909312.485
909592.485
909912.485
910192.485
910512.485
910792.485
911112.485
911392.485
911712.485
911992.485
912312.485
912592.485
912912.485
913192.485
913512.485
913792.485
914112.485
914392.485
914712.485
914992.485
915312.485
915592.485
915912.485
916192.485
916512.485
916792.485
917112.485
917392.485
917712.485
917992.485
918312.485
918592.485
918912.485
919192.485
919512.485
919792.485
920112.485
920392.485
920712.485
920992.485
921312.485
921592.485
921912.485
922192.485
922512.485
922792.485
923112.485
923392.485
923712.485
923992.485
924312.485
924592.485
924912.485
925192.485
925512.485
925792.485
926112.485
926392.485
926712.485
926992.485
927312.485
927592.485
927912.485
928192.485
928512.485
928792.485
929112.485
929392.485
929712.485
929992.485
930312.485
930592.485
930912.485
931192.485
931512.485
931792.485
932112.485
932392.485
932712.485
932992.485
933312.485
933592.485
933912.485
934192.485
934512.485
934792.485
935112.485
935392.485
935712.485
935992.485
936312.485
936592.485
936912.485
937192.485
937512.485
937792.485
938112.485
938392.485
938712.485
938992.485
939312.485
939592.485
939912.485
940192.485
940512.485
940792.485
941112.485
941392.485
941712.485
941992.485
942312.485
942592.485
942912.485
943192.485
943512.485
943792.485
944112.485
944392.485
944712.485
944992.485
945312.485
945592.485
945912.485
946192.485
946512.485
946792.485
947112.485
947392.485
947712.485
947992.485
948312.485
948592.485
948912.485
949192.485
949512.485
949792.485
950112.485
950392.485
950712.485
950992.485
951312.485
951592.485
951912.485
952192.485
952512.485
952792.485
953112.485
953392.485
953712.485
953992.485
954312.485
954592.485
954912.485
955192.485
955512.485
955792.485
956112.485
956392.485
956712.485
956992.485
957312.485
957592.485
957912.485
958192.485
958512.485
958792.485
959112.485
959392.485
959712.485
959992.485
960312.485
960592.485
960912.485
961192.485
961512.485
961792.485
962112.485
962392.485
962712.485
962992.485
963312.485
963592.485
963912.485
964192.485
964512.485
964792.485
965112.485
965392.485
965712.485
965992.485
966312.485
966592.485
966912.485
967192.485
967512.485
967792.485
968112.485
968392.485
968712.485
968992.485
969312.485
969592.485
969912.485
970192.485
970512.485
970792.485
971112.485
971392.485
971712.485
971992.485
972312.485
972592.485
972912.485
973192.485
973512.485
973792.485
974112.485
974392.485
974712.485
974992.485
975312.485
975592.485
975912.485
976192.485
976512.485
976792.485
977112.485
977392.485
977712.485
977992.485
978312.485
978592.485
978912.485
979192.485
979512.485
979792.485
980112.485
980392.485
980712.485
980992.485
981312.485
981592.485
981912.485
982192.485
982512.485
982792.485
983112.485
983392.485
983712.485
983992.485
984312.485
984592.485
984912.485
985192.485
985512.485
985792.485
986112.485
986392.485
986712.485
986992.485
987312.485
987592.485
987912.485
988192.485
988512.485
988792.485
989112.485
989392.485
989712.485
989992.485
990312.485
990592.485
990912.485
991192.485
991512.485
991792.485
992112.485
992392.485
992712.485
992992.485
993312.485
993592.485
993912.485
994192.485
994512.485
994792.485
995112.485
995392.485
995712.485
995992.485
996312.485
996592.485
996912.485
997192.485
997512.485
997792.485
998112.485
998392.485
998712.485
998992.485
999312.485
999592.485
999912.485
1000192.485
1000512.485
1000792.485
1001112.485
1001392.485
1001712.485
1001992.485
1002312.485
1002592.485
1002912.485
1003192.485
1003512.485
1003792.485
1004112.485
1004392.485
1004712.485
1004992.485
1005312.485
1005592.485
1005912.485
1006192.485
1006512.485
1006792.485
1007112.485
1007392.485
1007712.485
1007992.485
1008312.485
1008592.485
1008912.485
1009192.485
1009512.485
1009792.485
1010112.485
1010392.485
1010712.485
1010992.485
1011312.485
1011592.485
1011912.485
1012192.485
1012512.485
1012792.485
1013112.485
1013392.485
1013712.485
1013992.485
1014312.485
1014592.485
1014912.485
1015192.485
1015512.485
1015792.485
1016112.485
1016392.485
1016712.485
1016992.485
1017312.485
1017592.485
1017912.485
1018192.485
1018512.485
1018792.485
1019112.485
1019392.485
1019712.485
1019992.485
1020312.485
1020592.485
1020912.485
1021192.485
1021512.485
1021792.485
1022112.485
1022392.485
1022712.485
1022992.485
1023312.485
1023592.485
1023912.485
1024192.485
1024512.485
1024792.485
1025112.485
1025392.485
1025712.485
1025992.485
1026312.485
1026592.485
1026912.485
1027192.485
1027512.485
1027792.485
1028112.485
1028392.485
1028712.485
1028992.485
1029312.485
1029592.485
1029912.485
1030192.485
1030512.485
1030792.485
1031112.485
1031392.485
1031712.485
1031992.485
1032312.485
1032592.485
1032912.485
1033192.485
1033512.485
1033792.485
1034112.485
1034392.485
1034712.485
1034992.485
1035312.485
1035592.485
1035912.485
1036192.485
1036512.485
1036792.485
1037112.485
1037392.485
1037712.485
1037992.485
1038312.485
1038592.485
1038912.485
1039192.485
1039512.485
1039792.485
1040112.485
1040392.485
1040712.485
1040992.485
1041312.485
1041592.485
1041912.485
1042192.485
1042512.485
1042792.485
1043112.485
1043392.485
1043712.485
1043992.485
1044312.485
1044592.485
1044912.485
1045192.485
1045512.485
1045792.485
1046112.485
1046392.485
1046712.485
1046992.485
1047312.485
1047592.485
1047912.485
1048192.485
1048512.485
1048792.485
1049112.485
1049392.485
1049712.485
1049992.485
1050312.485
1050592.485
1050912.485
1051192.485
1051512.485
1051792.485
1052112.485
1052392.485
1052712.485
1052992.485
1053312.485
1053592.485
1053912.485
1054192.485
1054512.485
1054792.485
1055112.485
1055392.485
1055712.485
1055992.485
1056312.485
1056592.485
1056912.485
1057192.485
1057512.485
1057792.485
1058112.485
1058392.485
1058712.485
1058992.485
1059312.485
1059592.485
1059912.485
1060192.485
1060512.485
1060792.485
1061112.485
1061392.485
1061712.485
1061992.485
1062312.485
1062592.485
1062912.485
1063192.485
1063512.485
1063792.485
1064112.485
1064392.485
1064712.485
1064992.485
1065312.485
1065592.485
1065912.485
1066192.485
1066512.485
1066792.485
1067112.485
1067392.485
1067712.485
1067992.485
1068312.485
1068592.485
1068912.485
1069192.485
1069512.485
1069792.485
1070112.485
1070392.485
1070712.485
1070992.485
1071312.485
1071592.485
1071912.485
1072192.485
1072512.485
1072792.485
1073112.485
1073392.485
1073712.485
1073992.485
1074312.485
1074592.485
1074912.485
1075192.485
1075512.485
1075792.485
1076112.485
1076392.485
1076712.485
1076992.485
1077312.485
1077592.485
1077912.485
1078192.485
1078512.485
1078792.485
1079112.485
1079392.485
1079712.485
1079992.485
1080312.485
1080592.485
1080912.485
1081192.485
1081512.485
1081792.485
1082112.485
1082392.485
1082712.485
1082992.485
1083312.485
1083592.485
1083912.485
1084192.485
1084512.485
1084792.485
1085112.485
1085392.485
1085712.485
1085992.485
1086312.485
1086592.485
1086912.485
1087192.485
1087512.485
1087792.485
1088112.485
1088392.485
1088712.485
1088992.485
1089312.485
1089592.485
1089912.485
1090192.485
1090512.485
1090792.485
1091112.485
1091392.485
1091712.485
1091992.485
1092312.485
1092592.485
1092912.485
1093192.485
1093512.485
1093792.485
1094112.485
1094392.485
1094712.485
1094992.485
1095312.485
1095592.485
1095912.485
1096192.485
1096512.485
1096792.485
1097112.485
1097392.485
1097712.485
1097992.485
1098312.485
1098592.485
1098912.485
1099192.485
1099512.485
1099792.485
1100112.485
1100392.485
1100712.485
1100992.485
1101312.485
1101592.485
1101912.485
1102192.485
1102512.485
1102792.485
1103112.485
1103392.485
1103712.485
1103992.485
1104312.485
1104592.485
1104912.485
1105192.485
1105512.485
1105792.485
1106112.485
1106392.485
1106712.485
1106992.485
1107312.485
1107592.485
1107912.485
1108192.485
1108512.485
1108792.485
1109112.485
1109392.485
1109712.485
1109992.485
1110312.485
1110592.485
1110912.485
1111192.485
1111512.485
1111792.485
1112112.485
1112392.485
1112712.485
1112992.485
1113312.485
1113592.485
1113912.485
1114192.485
1114512.485
1114792.485
1115112.485
1115392.485
1115712.485
1115992.485
1116312.485
1116592.485
1116912.485
1117192.485
1117512.485
1117792.485
1118112.485
1118392.485
1118712.485
1118992.485
1119312.485
1119592.485
1119912.485
1120192.485
1120512.485
1120792.485
1121112.485
1121392.485
1121712.485
1121992.485
1122312.485
1122592.485
1122912.485
1123192.485
1123512.485
1123792.485
1124112.485
1124392.485
1124712.485
1124992.485
1125312.485
1125592.485
1125912.485
1126192.485
1126512.485
1126792.485
1127112.485
1127392.485
1127712.485
1127992.485
1128312.485
1128592.485
1128912.485
1129192.485
1129512.485
1129792.485
1130112.485
1130392.485
1130712.485
1130992.485
1131312.485
1131592.485
1131912.485
1132192.485
1132512.485
1132792.485
1133112.485
1133392.485
1133712.485
1133992.485
1134312.485
1134592.485
1134912.485
1135192.485
1135512.485
1135792.485
1136112.485
1136392.485
1136712.485
1136992.485
1137312.485
1137592.485
1137912.485
1138192.485
1138512.485
1138792.485
1139112.485
1139392.485
1139712.485
1139992.485
1140312.485
1140592.485
1140912.485
1141192.485
1141512.485
1141792.485
1142112.485
1142392.485
1142712.485
1142992.485
1143312.485
1143592.485
1143912.485
1144192.485
1144512.485
1144792.485
1145112.485
1145392.485
1145712.485
1145992.485
1146312.485
1146592.485
1146912.485
1147192.485
1147512.485
1147792.485
1148112.485
1148392.485
1148712.485
1148992.485
1149312.485
1149592.485
1149912.485
1150192.485
1150512.485
1150792.485
1151112.485
1151392.485
1151712.485
1151992.485
1152312.485
1152592.485
1152912.485
1153192.485
1153512.485
1153792.485
1154112.485
1154392.485
1154712.485
1154992.485
1155312.485
1155592.485
1155912.485
1156192.485
1156512.485
1156792.485
1157112.485
1157392.485
1157712.485
1157992.485
1158312.485
1158592.485
1158912.485
1159192.485
1159512.485
1159792.485
1160112.485
1160392.485
1160712.485
1160992.485
1161312.485
1161592.485
1161912.485
1162192.485
1162512.485
1162792.485
1163112.485
1163392.485
1163712.485
1163992.485
1164312.485
1164592.485
1164912.485
1165192.485
1165512.485
1165792.485
1166112.485
1166392.485
1166712.485
1166992.485
1167312.485
1167592.485
1167912.485
1168192.485
1168512.485
1168792.485
1169112.485
1169392.485
1169712.485
1169992.485
1170312.485
1170592.485
1170912.485
1171192.485
1171512.485
1171792.485
1172112.485
1172392.485
1172712.485
1172992.485
1173312.485
1173592.485
1173912.485
1174192.485
1174512.485
1174792.485
1175112.485
1175392.485
1175712.485
1175992.485
1176312.485
1176592.485
1176912.485
1177192.485
1177512.485
1177792.485
1178112.485
1178392.485
1178712.485
1178992.485
1179312.485
1179592.485
1179912.485
1180192.485
1180512.485
1180792.485
1181112.485
1181392.485
1181712.485
1181992.485
1182312.485
1182592.485
1182912.485
1183192.485
1183512.485
1183792.485
1184112.485
1184392.485
1184712.485
1184992.485
1185312.485
1185592.485
1185912.485
1186192.485
1186512.485
1186792.485
1187112.485
1187392.485
1187712.485
1187992.485
1188312.485
1188592.485
1188912.485
1189192.485
1189512.485
1189792.485
1190112.485
1190392.485
1190712.485
1190992.485
1191312.485
1191592.485
1191912.485
1192192.485
1192512.485
1192792.485
1193112.485
1193392.485
1193712.485
1193992.485
1194312.485
1194592.485
1194912.485
1195192.485
1195512.485
1195792.485
1196112.485
1196392.485
1196712.485
1196992.485
1197312.485
1197592.485
1197912.485
1198192.485
1198512.485
1198792.485
1199112.485
1199392.485
1199712.485
1199992.485
1200312.485
1200592.485
1200912.485
1201192.485
1201512.485
1201792.485
1202112.485
1202392.485
1202712.485
1202992.485
1203312.485
1203592.485
1203912.485
1204192.485
1204512.485
1204792.485
1205112.485
1205392.485
1205712.485
1205992.485
1206312.485
1206592.485
1206912.485
1207192.485
1207512.485
1207792.485
1208112.485
1208392.485
1208712.485
1208992.485
1209312.485
1209592.485
1209912.485
1210192.485
1210512.485
1210792.485
1211112.485
1211392.485
1211712.485
1211992.485
1212312.485
1212592.485
1212912.485
1213192.485
1213512.485
1213792.485
1214112.485
1214392.485
1214712.485
1214992.485
1215312.485
1215592.485
1215912.485
1216192.485
1216512.485
1216792.485
1217112.485
1217392.485
1217712.485
1217992.485
1218312.485
1218592.485
1218912.485
1219192.485
1219512.485
1219792.485
1220112.485
1220392.485
1220712.485
1220992.485
1221312.485
1221592.485
1221912.485
1222192.485
1222512.485
1222792.485
1223112.485
1223392.485
1223712.485
1223992.485
1224312.485
1224592.485
1224912.485
1225192.485
1225512.485
1225792.485
1226112.485
1226392.485
1226712.485
1226992.485
1227312.485
1227592.485
1227912.485
1228192.485
1228512.485
1228792.485
1229112.485
1229392.485
1229712.485
1229992.485
1230312.485
1230592.485
1230912.485
1231192.485
1231512.485
1231792.485
1232112.485
1232392.485
1232712.485
1232992.485
1233312.485
1233592.485
1233912.485
1234192.485
1234512.485
1234792.485
1235112.485
1235392.485
1235712.485
1235992.485
1236312.485
1236592.485
1236912.485
1237192.485
1237512.485
1237792.485
1238112.485
1238392.485
1238712.485
1238992.485
1239312.485
1239592.485
1239912.485
1240192.485
1240512.485
1240792.485
1241112.485
1241392.485
1241712.485
1241992.485
1242312.485
1242592.485
1242912.485
1243192.485
1243512.485
1243792.485
1244112.485
1244392.485
1244712.485
1244992.485
1245312.485
1245592.485
1245912.485
1246192.485
1246512.485
1246792.485
1247112.485
1247392.485
1247712.485
1247992.485
1248312.485
1248592.485
1248912.485
1249192.485
1249512.485
1249792.485
1250112.485
1250392.485
1250712.485
1250992.485
1251312.485
1251592.485
1251912.485
1252192.485
1252512.485
1252792.485
1253112.485
1253392.485
1253712.485
1253992.485
1254312.485
1254592.485
1254912.485
1255192.485
1255512.485
1255792.485
1256112.485
1256392.485
1256712.485
1256992.485
1257312.485
1257592.485
1257912.485
1258192.485
1258512.485
1258792.485
1259112.485
1259392.485
1259712.485
1259992.485
1260312.485
1260592.485
1260912.485
1261192.485
1261512.485
1261792.485
1262112.485
1262392.485
1262712.485
1262992.485
1263312.485
1263592.485
1263912.485
1264192.485
1264512.485
1264792.485
1265112.485
1265392.485
1265712.485
1265992.485
1266312.485
1266592.485
1266912.485
1267192.485
1267512.485
1267792.485
1268112.485
1268392.485
1268712.485
1268992.485
1269312.485
1269592.485
1269912.485
1270192.485
1270512.485
1270792.485
1271112.485
1271392.485
1271712.485
1271992.485
1272312.485
1272592.485
1272912.485
1273192.485
1273512.485
1273792.485
1274112.485
1274392.485
1274712.485
1274992.485
1275312.485
1275592.485
1275912.485
1276192.485
1276512.485
1276792.485
1277112.485
1277392.485
1277712.485
1277992.485
1278312.485
1278592.485
1278912.485
1279192.485
1279512.485
1279792.485
1280112.485
1280392.485
1280712.485
1280992.485
1281312.485
1281592.485
1281912.485
1282192.485
1282512.485
1282792.485
1283112.485
1283392.485
1283712.485
1283992.485
1284312.485
1284592.485
1284912.485
1285192.485
1285512.485
1285792.485
1286112.485
1286392.485
1286712.485
1286992.485
1287312.485
1287592.485
1287912.485
1288192.485
1288512.485
1288792.485
1289112.485
1289392.485
1289712.485
1289992.485
1290312.485
1290592.485
1290912.485
1291192.485
1291512.485
1291792.485
1292112.485
1292392.485
1292712.485
1292992.485
1293312.485
1293592.485
1293912.485
1294192.485
1294512.485
1294792.485
1295112.485
1295392.485
1295712.485
1295992.485
1296312.485
1296592.485
1296912.485
1297192.485
1297512.485
1297792.485
1298112.485
1298392.485
1298712.485
1298992.485
1299312.485
1299592.485
1299912.485
1300192.485
1300512.485
1300792.485
1301112.485
1301392.485
1301712.485
1301992.485
1302312.485
1302592.485
1302912.485
1303192.485
1303512.485
1303792.485
1304112.485
1304392.485
1304712.485
1304992.485
1305312.485
1305592.485
1305912.485
1306192.485
1306512.485
1306792.485
1307112.485
1307392.485
1307712.485
1307992.485
1308312.485
1308592.485
1308912.485
1309192.485
1309512.485
1309792.485
1310112.485
1310392.485
1310712.485
1310992.485
1311312.485
1311592.485
1311912.485
1312192.485
1312512.485
1312792.485
1313112.485
1313392.485
1313712.485
1313992.485
1314312.485
1314592.485
1314912.485
1315192.485
1315512.485
1315792.485
1316112.485
1316392.485
1316712.485
1316992.485
1317312.485
1317592.485
1317912.485
1318192.485
1318512.485
1318792.485
1319112.485
1319392.485
1319712.485
1319992.485
1320312.485
1320592.485
1320912.485
1321192.485
1321512.485
1321792.485
1322112.485
1322392.485
1322712.485
1322992.485
1323312.485
1323592.485
1323912.485
1324192.485
1324512.485
1324792.485
1325112.485
1325392.485
1325712.485
1325992.485
1326312.485
1326592.485
1326912.485
1327192.485
1327512.485
1327792.485
1328112.485
1328392.485
1328712.485
1328992.485
1329312.485
1329592.485
1329912.485
1330192.485
1330512.485
1330792.485
1331112.485
1331392.485
1331712.485
1331992.485
1332312.485
1332592.485
1332912.485
1333192.485
1333512.485
1333792.485
1334112.485
1334392.485
1334712.485
1334992.485
1335312.485
1335592.485
1335912.485
1336192.485
1336512.485
1336792.485
1337112.485
1337392.485
1337712.485
1337992.485
1338312.485
1338592.485
1338912.485
1339192.485
1339512.485
1339792.485
1340112.485
1340392.485
1340712.485
1340992.485
1341312.485
1341592.485
1341912.485
1342192.485
1342512.485
1342792.485
1343112.485
1343392.485
1343712.485
1343992.485
1344312.485
1344592.485
1344912.485
1345192.485
1345512.485
1345792.485
1346112.485
1346392.485
1346712.485
1346992.485
1347312.485
1347592.485
1347912.485
1348192.485
1348512.485
1348792.485
1349112.485
1349392.485
1349712.485
1349992.485
1350312.485
1350592.485
1350912.485
1351192.485
1351512.485
1351792.485
1352112.485
1352392.485
1352712.485
1352992.485
1353312.485
1353592.485
1353912.485
1354192.485
1354512.485
1354792.485
1355112.485
1355392.485
1355712.485
1355992.485
1356312.485
1356592.485
1356912.485
1357192.485
1357512.485
1357792.485
1358112.485
1358392.485
1358712.485
1358992.485
1359312.485
1359592.485
1359912.485
1360192.485
1360512.485
1360792.485
1361112.485
1361392.485
1361712.485
1361992.485
1362312.485
1362592.485
1362912.485
1363192.485
1363512.485
1363792.485
1364112.485
1364392.485
1364712.485
1364992.485
1365312.485
1365592.485
1365912.485
1366192.485
1366512.485
1366792.485
1367112.485
1367392.485
1367712.485
1367992.485
1368312.485
1368592.485
1368912.485
1369192.485
1369512.485
1369792.485
1370112.485
1370392.485
1370712.485
1370992.485
1371312.485
1371592.485
1371912.485
1372192.485
1372512.485
1372792.485
1373112.485
1373392.485
1373712.485
1373992.485
1374312.485
1374592.485
1374912.485
1375192.485
1375512.485
1375792.485
1376112.485
1376392.485
1376712.485
1376992.485
1377312.485
1377592.485
1377912.485
1378192.485
1378512.485
1378792.485
1379112.485
1379392.485
1379712.485
1379992.485
1380312.485
1380592.485
1380912.485
1381192.485
1381512.485
1381792.485
1382112.485
1382392.485
1382712.485
1382992.485
1383312.485
1383592.485
1383912.485
1384192.485
1384512.485
1384792.485
1385112.485
1385392.485
1385712.485
1385992.485
1386312.485
1386592.485
1386912.485
1387192.485
1387512.485
1387792.485
1388112.485
1388392.485
1388712.485
1388992.485
1389312.485
1389592.485
1389912.485
1390192.485
1390512.485
1390792.485
1391112.485
1391392.485
1391712.485
1391992.485
1392312.485
1392592.485
1392912.485
1393192.485
1393512.485
1393792.485
1394112.485
1394392.485
1394712.485
1394992.485
1395312.485
1395592.485
1395912.485
1396192.485
1396512.485
1396792.485
1397112.485
1397392.485
1397712.485
1397992.485
1398312.485
1398592.485
1398912.485
1399192.485
1399512.485
1399792.485
1400112.485
1400392.485
1400712.485
1400992.485
1401312.485
1401592.485
1401912.485
1402192.485
1402512.485
1402792.485
1403112.485
1403392.485
1403712.485
1403992.485
1404312.485
1404592.485
1404912.485
1405192.485
1405512.485
1405792.485
1406112.485
1406392.485
1406712.485
1406992.485
1407312.485
1407592.485
1407912.485
1408192.485
1408512.485
1408792.485
1409112.485
1409392.485
1409712.485
1409992.485
1410312.485
1410592.485
1410912.485
1411192.485
1411512.485
1411792.485
1412112.485
1412392.485
1412712.485
1412992.485
1413312.485
1413592.485
1413912.485
1414192.485
1414512.485
1414792.485
1415112.485
1415392.485
1415712.485
1415992.485
1416312.485
1416592.485
1416912.485
1417192.485
1417512.485
1417792.485
1418112.485
1418392.485
1418712.485
1418992.485
1419312.485
1419592.485
1419912.485
1420192.485
1420512.485
1420792.485
1421112.485
1421392.485
1421712.485
1421992.485
1422312.485
1422592.485
1422912.485
1423192.485
1423512.485
1423792.485
1424112.485
1424392.485
1424712.485
1424992.485
1425312.485
1425592.485
1425912.485
1426192.485
1426512.485
1426792.485
1427112.485
1427392.485
1427712.485
1427992.485
1428312.485
1428592.485
1428912.485
1429192.485
1429512.485
1429792.485
1430112.485
1430392.485
1430712.485
1430992.485
1431312.485
1431592.485
1431912.485
1432192.485
1432512.485
1432792.485
1433112.485
1433392.485
1433712.485
1433992.485
1434312.485
1434592.485
1434912.485
1435192.485
1435512.485
1435792.485
1436112.485
1436392.485
1436712.485
1436992.485
1437312.485
1437592.485
1437912.485
1438192.485
1438512.485
1438792.485
1439112.485
1439392.485
1439712.485
1439992.485
1440312.485
1440592.485
1440912.485
1441192.485
1441512.485
1441792.485
1442112.485
1442392.485
1442712.485
1442992.485
1443312.485
1443592.485
1443912.485
1444192.485
1444512.485
1444792.485
1445112.485
1445392.485
1445712.485
1445992.485
1446312.485
1446592.485
1446912.485
1447192.485
1447512.485
1447792.485
1448112.485
1448392.485
1448712.485
1448992.485
1449312.485
1449592.485
1449912.485
1450192.485
1450512.485
1450792.485
1451112.485
1451392.485
1451712.485
1451992.485
1452312.485
1452592.485
1452912.485
1453192.485
1453512.485
1453792.485
1454112.485
1454392.485
1454712.485
1454992.485
1455312.485
1455592.485
1455912.485
1456192.485
1456512.485
1456792.485
1457112.485
1457392.485
1457712.485
1457992.485
1458312.485
1458592.485
1458912.485
1459192.485
1459512.485
1459792.485
1460112.485
1460392.485
1460712.485
1460992.485
1461312.485
1461592.485
1461912.485
1462192.485
1462512.485
1462792.485
1463112.485
1463392.485
1463712.485
1463992.485
1464312.485
1464592.485
1464912.485
1465192.485
1465512.485
1465792.485
1466112.485
1466392.485
1466712.485
1466992.485
1467312.485
1467592.485
1467912.485
1468192.485
1468512.485
1468792.485
1469112.485
1469392.485
1469712.485
1469992.485
1470312.485
1470592.485
1470912.485
1471192.485
1471512.485
1471792.485
1472112.485
1472392.485
1472712.485
1472992.485
1473312.485
1473592.485
1473912.485
1474192.485
1474512.485
1474792.485
1475112.485
1475392.485
1475712.485
1475992.485
1476312.485
1476592.485
1476912.485
1477192.485
1477512.485
1477792.485
1478112.485
1478392.485
1478712.485
1478992.485
1479312.485
1479592.485
1479912.485
1480192.485
1480512.485
1480792.485
1481112.485
1481392.485
1481712.485
1481992.485
1482312.485
1482592.485
1482912.485
1483192.485
1483512.485
1483792.485
1484112.485
1484392.485
1484712.485
1484992.485
1485312.485
1485592.485
1485912.485
1486192.485
1486512.485
1486792.485
1487112.485
1487392.485
1487712.485
1487992.485
1488312.485
1488592.485
1488912.485
1489192.485
1489512.485
1489792.485
1490112.485
1490392.485
1490712.485
1490992.485
1491312.485
1491592.485
1491912.485
1492192.485
1492512.485
1492792.485
1493112.485
1493392.485
1493712.485
1493992.485
1494312.485
1494592.485
1494912.485
1495192.485
1495512.485
1495792.485
1496112.485
1496392.485
1496712.485
1496992.485
1497312.485
1497592.485
1497912.485
1498192.485
1498512.485
1498792.485
1499112.485
1499392.485
1499712.485
1499992.485
1500312.485
1500592.485
1500912.485
1501192.485
1501512.485
1501792.485
1502112.485
1502392.485
1502712.485
1502992.485
1503312.485
1503592.485
1503912.485
1504192.485
1504512.485
1504792.485
1505112.485
1505392.485
1505712.485
1505992.485
1506312.485
1506592.485
1506912.485
1507192.485
1507512.485
1507792.485
1508112.485
1508392.485
1508712.485
1508992.485
1509312.485
1509592.485
1509912.485
1510192.485
1510512.485
1510792.485
1511112.485
1511392.485
1511712.485
1511992.485
1512312.485
1512592.485
1512912.485
1513192.485
1513512.485
1513792.485
1514112.485
1514392.485
1514712.485
1514992.485
1515312.485
1515592.485
1515912.485
1516192.485
1516512.485
1516792.485
1517112.485
1517392.485
1517712.485
1517992.485
1518312.485
1518592.485
1518912.485
1519192.485
1519512.485
1519792.485
1520112.485
1520392.485
1520712.485
1520992.485
1521312.485
1521592.485
1521912.485
1522192.485
1522512.485
1522792.485
1523112.485
1523392.485
1523712.485
1523992.485
1524312.485
1524592.485
1524912.485
1525192.485
1525512.485
1525792.485
1526112.485
1526392.485
1526712.485
1526992.485
1527312.485
1527592.485
1527912.485
1528192.485
1528512.485
1528792.485
1529112.485
1529392.485
1529712.485
1529992.485
1530312.485
1530592.485
1530912.485
1531192.485
1531512.485
1531792.485
1532112.485
1532392.485
1532712.485
1532992.485
1533312.485
1533592.485
1533912.485
1534192.485
1534512.485
1534792.485
1535112.485
1535392.485
1535712.485
1535992.485
1536312.485
1536592.485
1536912.485
1537192.485
1537512.485
1537792.485
1538112.485
1538392.485
1538712.485
1538992.485
1539312.485
1539592.485
1539912.485
1540192.485
1540512.485
1540792.485
1541112.485
1541392.485
1541712.485
1541992.485
1542312.485
1542592.485
1542912.485
1543192.485
1543512.485
1543792.485
1544112.485
1544392.485
1544712.485
1544992.485
1545312.485
1545592.485
1545912.485
1546192.485
1546512.485
1546792.485
1547112.485
1547392.485
1547712.485
1547992.485
1548312.485
1548592.485
1548912.485
1549192.485
1549512.485
1549792.485
1550112.485
1550392.485
1550712.485
1550992.485
1551312.485
1551592.485
1551912.485
1552192.485
1552512.485
1552792.485
1553112.485
1553392.485
1553712.485
1553992.485
1554312.485
1554592.485
1554912.485
1555192.485
1555512.485
1555792.485
1556112.485
1556392.485
1556712.485
1556992.485
1557312.485
1557592.485
1557912.485
1558192.485
1558512.485
1558792.485
1559112.485
1559392.485
1559712.485
1559992.485
1560312.485
1560592.485
1560912.485
1561192.485
1561512.485
1561792.485
1562112.485
1562392.485
1562712.485
1562992.485
1563312.485
1563592.485
1563912.485
1564192.485
1564512.485
1564792.485
1565112.485
1565392.485
1565712.485
1565992.485
1566312.485
1566592.485
1566912.485
1567192.485
1567512.485
1567792.485
1568112.485
1568392.485
1568712.485
1568992.485
1569312.485
1569592.485
1569912.485
1570192.485
1570512.485
1570792.485
1571112.485
1571392.485
1571712.485
1571992.485
1572312.485
1572592.485
1572912.485
1573192.485
1573512.485
1573792.485
1574112.485
1574392.485
1574712.485
1574992.485
1575312.485
1575592.485
1575912.485
1576192.485
1576512.485
1576792.485
1577112.485
1577392.485
1577712.485
1577992.485
1578312.485
1578592.485
1578912.485
1579192.485
1579512.485
1579792.485
1580112.485
1580392.485
1580712.485
1580992.485
1581312.485
1581592.485
1581912.485
1582192.485
1582512.485
1582792.485
1583112.485
1583392.485
1583712.485
1583992.485
1584312.485
1584592.485
1584912.485
1585192.485
1585512.485
1585792.485
1586112.485
1586392.485
1586712.485
1586992.485
1587312.485
1587592.485
1587912.485
1588192.485
1588512.485
1588792.485
1589112.485
1589392.485
1589712.485
1589992.485
1590312.485
1590592.485
1590912.485
1591192.485
1591512.485
1591792.485
1592112.485
1592392.485
1592712.485
1592992.485
1593312.485
1593592.485
1593912.485
1594192.485
1594512.485
1594792.485
1595112.485
1595392.485
1595712.485
1595992.485
1596312.485
1596592.485
1596912.485
1597192.485
1597512.485
1597792.485
1598112.485
1598392.485
1598712.485
1598992.485
1599312.485
1599592.485
1599912.485
1600192.485
1600512.485
1600792.485
1601112.485
1601392.485
1601712.485
1601992.485
1602312.485
1602592.485
1602912.485
1603192.485
1603512.485
1603792.485
1604112.485
1604392.485
1604712.485
1604992.485
1605312.485
1605592.485
1605912.485
1606192.485
1606512.485
1606792.485
1607112.485
1607392.485
1607712.485
1607992.485
1608312.485
1608592.485
1608912.485
1609192.485
1609512.485
1609792.485
1610112.485
1610392.485
1610712.485
1610992.485
1611312.485
1611592.485
1611912.485
1612192.485
1612512.485
1612792.485
1613112.485
1613392.485
1613712.485
1613992.485
1614312.485
1614592.485
1614912.485
1615192.485
1615512.485
1615792.485
1616112.485
1616392.485
1616712.485
1616992.485
1617312.485
1617592.485
1617912.485
1618192.485
1618512.485
1618792.485
1619112.485
1619392.485
1619712.485
1619992.485
1620312.485
1620592.485
1620912.485
1621192.485
1621512.485
1621792.485
1622112.485
1622392.485
1622712.485
1622992.485
1623312.485
1623592.485
1623912.485
1624192.485
1624512.485
1624792.485
1625112.485
1625392.485
1625712.485
1625992.485
1626312.485
1626592.485
1626912.485
1627192.485
1627512.485
1627792.485
1628112.485
1628392.485
1628712.485
1628992.485
1629312.485
1629592.485
1629912.485
1630192.485
1630512.485
1630792.485
1631112.485
1631392.485
1631712.485
1631992.485
1632312.485
1632592.485
1632912.485
1633192.485
1633512.485
1633792.485
1634112.485
1634392.485
1634712.485
1634992.485
1635312.485
1635592.485
1635912.485
1636192.485
1636512.485
1636792.485
1637112.485
1637392.485
1637712.485
1637992.485
1638312.485
1638592.485
1638912.485
1639192.485
1639512.485
1639792.485
1640112.485
1640392.485
1640712.485
1640992.485
1641312.485
1641592.485
1641912.485
1642192.485
1642512.485
1642792.485
1643112.485
1643392.485
1643712.485
1643992.485
1644312.485
1644592.485
1644912.485
1645192.485
1645512.485
1645792.485
1646112.485
1646392.485
1646712.485
1646992.485
1647312.485
1647592.485
1647912.485
1648192.485
1648512.485
1648792.485
1649112.485
1649392.485
1649712.485
1649992.485
1650312.485
1650592.485
1650912.485
1651192.485
1651512.485
1651792.485
1652112.485
1652392.485
1652712.485
1652992.485
1653312.485
1653592.485
1653912.485
1654192.485
1654512.485
1654792.485
1655112.485
1655392.485
1655712.485
1655992.485
1656312.485
1656592.485
1656912.485
1657192.485
1657512.485
1657792.485
1658112.485
1658392.485
1658712.485
1658992.485
1659312.485
1659592.485
1659912.485
1660192.485
1660512.485
1660792.485
1661112.485
1661392.485
1661712.485
1661992.485
1662312.485
1662592.485
1662912.485
1663192.485
1663512.485
1663792.485
1664112.485
1664392.485
1664712.485
1664992.485
1665312.485
1665592.485
1665912.485
1666192.485
1666512.485
1666792.485
1667112.485
1667392.485
1667712.485
1667992.485
1668312.485
1668592.485
1668912.485
1669192.485
1669512.485
1669792.485
1670112.485
1670392.485
1670712.485
1670992.485
1671312.485
1671592.485
1671912.485
1672192.485
1672512.485
1672792.485
1673112.485
1673392.485
1673712.485
1673992.485
1674312.485
1674592.485
1674912.485
1675192.485
1675512.485
1675792.485
1676112.485
1676392.485
1676712.485
1676992.485
1677312.485
1677592.485
1677912.485
1678192.485
1678512.485
1678792.485
1679112.485
1679392.485
1679712.485
1679992.485
1680312.485
1680592.485
1680912.485
1681192.485
1681512.485
1681792.485
1682112.485
1682392.485
1682712.485
1682992.485
1683312.485
1683592.485
1683912.485
1684192.485
1684512.485
1684792.485
1685112.485
1685392.485
1685712.485
1685992.485
1686312.485
1686592.485
1686912.485
1687192.485
1687512.485
1687792.485
1688112.485
1688392.485
1688712.485
1688992.485
1689312.485
1689592.485
1689912.485
1690192.485
1690512.485
1690792.485
1691112.485
1691392.485
1691712.485
1691992.485
1692312.485
1692592.485
1692912.485
1693192.485
1693512.485
1693792.485
1694112.485
1694392.485
1694712.485
1694992.485
1695312.485
1695592.485
1695912.485
1696192.485
1696512.485
1696792.485
1697112.485
1697392.485
1697712.485
1697992.485
1698312.485
1698592.485
1698912.485
1699192.485
1699512.485
1699792.485
1700112.485
1700392.485
1700712.485
1700992.485
1701312.485
1701592.485
1701912.485
1702192.485
1702512.485
1702792.485
1703112.485
1703392.485
1703712.485
1703992.485
1704312.485
1704592.485
1704912.485
1705192.485
1705512.485
1705792.485
1706112.485
1706392.485
1706712.485
1706992.485
1707312.485
1707592.485
1707912.485
1708192.485
1708512.485
1708792.485
1709112.485
1709392.485
1709712.485
1709992.485
1710312.485
1710592.485
1710912.485
1711192.485
1711512.485
1711792.485
1712112.485
1712392.485
1712712.485
1712992.485
1713312.485
1713592.485
1713912.485
1714192.485
1714512.485
1714792.485
1715112.485
1715392.485
1715712.485
1715992.485
1716312.485
1716592.485
1716912.485
1717192.485
1717512.485
1717792.485
1718112.485
1718392.485
1718712.485
1718992.485
1719312.485
1719592.485
1719912.485
1720192.485
1720512.485
1720792.485
1721112.485
1721392.485
1721712.485
1721992.485
1722312.485
1722592.485
1722912.485
1723192.485
1723512.485
1723792.485
1724112.485
1724392.485
1724712.485
1724992.485
1725312.485
1725592.485
1725912.485
1726192.485
1726512.485
1726792.485
1727112.485
1727392.485
1727712.485
1727992.485
1728312.485
1728592.485
1728912.485
1729192.485
1729512.485
1729792.485
1730112.485
1730392.485
1730712.485
1730992.485
1731312.485
1731592.485
1731912.485
1732192.485
1732512.485
1732792.485
1733112.485
1733392.485
1733712.485
1733992.485
1734312.485
1734592.485
1734912.485
1735192.485
1735512.485
1735792.485
1736112.485
1736392.485
1736712.485
1736992.485
1737312.485
1737592.485
1737912.485
1738192.485
1738512.485
1738792.485
1739112.485
1739392.485
1739712.485
1739992.485
1740312.485
1740592.485
1740912.485
1741192.485
1741512.485
1741792.485
1742112.485
1742392.485
1742712.485
1742992.485
1743312.485
1743592.485
1743912.485
1744192.485
1744512.485
1744792.485
1745112.485
1745392.485
1745712.485
1745992.485
1746312.485
1746592.485
1746912.485
1747192.485
1747512.485
1747792.485
1748112.485
1748392.485
1748712.485
1748992.485
1749312.485
1749592.485
1749912.485
1750192.485
1750512.485
1750792.485
1751112.485
1751392.485
1751712.485
1751992.485
1752312.485
1752592.485
1752912.485
1753192.485
1753512.485
1753792.485
1754112.485
1754392.485
1754712.485
1754992.485
1755312.485
1755592.485
1755912.485
1756192.485
1756512.485
1756792.485
1757112.485
1757392.485
1757712.485
1757992.485
1758312.485
1758592.485
1758912.485
1759192.485
1759512.485
1759792.485
1760112.485
1760392.485
1760712.485
1760992.485
1761312.485
1761592.485
1761912.485
1762192.485
1762512.485
1762792.485
1763112.485
1763392.485
1763712.485
1763992.485
1764312.485
1764592.485
1764912.485
1765192.485
1765512.485
1765792.485
1766112.485
1766392.485
1766712.485
1766992.485
1767312.485
1767592.485
1767912.485
1768192.485
1768512.485
1768792.485
1769112.485
1769392.485
1769712.485
1769992.485
1770312.485
1770592.485
1770912.485
1771192.485
1771512.485
1771792.485
1772112.485
1772392.485
1772712.485
1772992.485
1773312.485
1773592.485
1773912.485
1774192.485
1774512.485
1774792.485
1775112.485
1775392.485
1775712.485
1775992.485
1776312.485
1776592.485
1776912.485
1777192.485
1777512.485
1777792.485
1778112.485
1778392.485
1778712.485
1778992.485
1779312.485
1779592.485
1779912.485
1780192.485
1780512.485
1780792.485
1781112.485
1781392.485
1781712.485
1781992.485
1782312.485
1782592.485
1782912.485
1783192.485
1783512.485
1783792.485
1784112.485
1784392.485
1784712.485
1784992.485
1785312.485
1785592.485
1785912.485
1786192.485
1786512.485
1786792.485
1787112.485
1787392.485
1787712.485
1787992.485
1788312.485
1788592.485
1788912.485
1789192.485
1789512.485
1789792.485
1790112.485
1790392.485
1790712.485
1790992.485
1791312.485
1791592.485
1791912.485
1792192.485
1792512.485
1792792.485
1793112.485
1793392.485
1793712.485
1793992.485
1794312.485
1794592.485
1794912.485
1795192.485
1795512.485
1795792.485
1796112.485
1796392.485
1796712.485
1796992.485
1797312.485
1797592.485
1797912.485
1798192.485
1798512.485
1798792.485
1799112.485
1799392.485
1799712.485
1799992.485
1800312.485
1800592.485
1800912.485
1801192.485
1801512.485
1801792.485
1802112.485
1802392.485
1802712.485
1802992.485
1803312.485
1803592.485
1803912.485
1804192.485
1804512.485
1804792.485
1805112.485
1805392.485
1805712.485
1805992.485
1806312.485
1806592.485
1806912.485
1807192.485
1807512.485
1807792.485
1808112.485
1808392.485
1808712.485
1808992.485
1809312.485
1809592.485
1809912.485
1810192.485
1810512.485
1810792.485
1811112.485
1811392.485
1811712.485
1811992.485
1812312.485
1812592.485
1812912.485
1813192.485
1813512.485
1813792.485
1814112.485
1814392.485
1814712.485
1814992.485
1815312.485
1815592.485
1815912.485
1816192.485
1816512.485
1816792.485
1817112.485
1817392.485
1817712.485
1817992.485
1818312.485
1818592.485
1818912.485
1819192.485
1819512.485
1819792.485
1820112.485
1820392.485
1820712.485
1820992.485
1821312.485
1821592.485
1821912.485
1822192.485
1822512.485
1822792.485
1823112.485
1823392.485
1823712.485
1823992.485
1824312.485
1824592.485
1824912.485
1825192.485
1825512.485
1825792.485
1826112.485
1826392.485
1826712.485
1826992.485
1827312.485
1827592.485
1827912.485
1828192.485
1828512.485
1828792.485
1829112.485
1829392.485
1829712.485
1829992.485
1830312.485
1830592.485
1830912.485
1831192.485
1831512.485
1831792.485
1832112.485
1832392.485
1832712.485
1832992.485
1833312.485
1833592.485
1833912.485
1834192.485
1834512.485
1834792.485
1835112.485
1835392.485
1835712.485
1835992.485
1836312.485
1836592.485
1836912.485
1837192.485
1837512.485
1837792.485
1838112.485
1838392.485
1838712.485
1838992.485
1839312.485
1839592.485
1839912.485
1840192.485
1840512.485
1840792.485
1841112.485
1841392.485
1841712.485
1841992.485
1842312.485
1842592.485
1842912.485
1843192.485
1843512.485
1843792.485
1844112.485
1844392.485
1844712.485
1844992.485
1845312.485
1845592.485
1845912.485
1846192.485
1846512.485
1846792.485
1847112.485
1847392.485
1847712.485
1847992.485
1848312.485
1848592.485
1848912.485
1849192.485
1849512.485
1849792.485
1850112.485
1850392.485
1850712.485
1850992.485
1851312.485
1851592.485
1851912.485
1852192.485
1852512.485
1852792.485
1853112.485
1853392.485
1853712.485
1853992.485
1854312.485
1854592.485
1854912.485
1855192.485
1855512.485
1855792.485
1856112.485
1856392.485
1856712.485
1856992.485
1857312.485
1857592.485
1857912.485
1858192.485
1858512.485
1858792.485
1859112.485
1859392.485
1859712.485
1859992.485
1860312.485
1860592.485
1860912.485
1861192.485
1861512.485
1861792.485
1862112.485
1862392.485
1862712.485
1862992.485
1863312.485
1863592.485
1863912.485
1864192.485
1864512.485
1864792.485
1865112.485
1865392.485
1865712.485
1865992.485
1866312.485
1866592.485
1866912.485
1867192.485
1867512.485
1867792.485
1868112.485
1868392.485
1868712.485
1868992.485
1869312.485
1869592.485
1869912.485
1870192.485
1870512.485
1870792.485
1871112.485
1871392.485
1871712.485
1871992.485
1872312.485
1872592.485
1872912.485
1873192.485
1873512.485
1873792.485
1874112.485
1874392.485
1874712.485
1874992.485
1875312.485
1875592.485
1875912.485
1876192.485
1876512.485
1876792.485
1877112.485
1877392.485
1877712.485
1877992.485
1878312.485
1878592.485
1878912.485
1879192.485
1879512.485
1879792.485
1880112.485
1880392.485
1880712.485
1880992.485
1881312.485
1881592.485
1881912.485
1882192.485
1882512.485
1882792.485
1883112.485
1883392.485
1883712.485
1883992.485
1884312.485
1884592.485
1884912.485
1885192.485
1885512.485
1885792.485
1886112.485
1886392.485
1886712.485
1886992.485
1887312.485
1887592.485
1887912.485
1888192.485
1888512.485
1888792.485
1889112.485
1889392.485
1889712.485
1889992.485
1890312.485
1890592.485
1890912.485
1891192.485
1891512.485
1891792.485
1892112.485
1892392.485
1892712.485
1892992.485
1893312.485
1893592.485
1893912.485
1894192.485
1894512.485
1894792.485
1895112.485
1895392.485
1895712.485
1895992.485
1896312.485
1896592.485
1896912.485
1897192.485
1897512.485
1897792.485
1898112.485
1898392.485
1898712.485
1898992.485
1899312.485
1899592.485
1899912.485
1900192.485
1900512.485
1900792.485
1901112.485
1901392.485
1901712.485
1901992.485
1902312.485
1902592.485
1902912.485
1903192.485
1903512.485
1903792.485
1904112.485
1904392.485
1904712.485
1904992.485
1905312.485
1905592.485
1905912.485
1906192.485
1906512.485
1906792.485
1907112.485
1907392.485
1907712.485
1907992.485
1908312.485
1908592.485
1908912.485
1909192.485
1909512.485
1909792.485
1910112.485
1910392.485
1910712.485
1910992.485
1911312.485
1911592.485
1911912.485
1912192.485
1912512.485
1912792.485
1913112.485
1913392.485
1913712.485
1913992.485
1914312.485
1914592.485
1914912.485
1915192.485
1915512.485
1915792.485
1916112.485
1916392.485
1916712.485
1916992.485
1917312.485
1917592.485
1917912.485
1918192.485
1918512.485
1918792.485
1919112.485
1919392.485
1919712.485
1919992.485
1920312.485
1920592.485
1920912.485
1921192.485
1921512.485
1921792.485
1922112.485
1922392.485
1922712.485
1922992.485
1923312.485
1923592.485
1923912.485
1924192.485
1924512.485
1924792.485
1925112.485
1925392.485
1925712.485
1925992.485
1926312.485
1926592.485
1926912.485
1927192.485
1927512.485
1927792.485
1928112.485
1928392.485
1928712.485
1928992.485
1929312.485
1929592.485
1929912.485
1930192.485
1930512.485
1930792.485
1931112.485
1931392.485
1931712.485
1931992.485
1932312.485
1932592.485
1932912.485
1933192.485
1933512.485
1933792.485
1934112.485
1934392.485
1934712.485
1934992.485
1935312.485
1935592.485
1935912.485
1936192.485
1936512.485
1936792.485
1937112.485
1937392.485
1937712.485
1937992.485
1938312.485
1938592.485
1938912.485
1939192.485
1939512.485
1939792.485
1940112.485
1940392.485
1940712.485
1940992.485
1941312.485
1941592.485
1941912.485
1942192.485
1942512.485
1942792.485
1943112.485
1943392.485
1943712.485
1943992.485
1944312.485
1944592.485
1944912.485
1945192.485
1945512.485
1945792.485
1946112.485
1946392.485
1946712.485
1946992.485
1947312.485
1947592.485
1947912.485
1948192.485
1948512.485
1948792.485
1949112.485
1949392.485
1949712.485
1949992.485
1950312.485
1950592.485
1950912.485
1951192.485
1951512.485
1951792.485
1952112.485
1952392.485
1952712.485
1952992.485
1953312.485
1953592.485
1953912.485
1954192.485
1954512.485
1954792.485
1955112.485
1955392.485
1955712.485
1955992.485
1956312.485
1956592.485
1956912.485
1957192.485
1957512.485
1957792.485
1958112.485
1958392.485
1958712.485
1958992.485
1959312.485
1959592.485
1959912.485
1960192.485
1960512.485
1960792.485
1961112.485
1961392.485
1961712.485
1961992.485
1962312.485
1962592.485
1962912.485
1963192.485
1963512.485
1963792.485
1964112.485
1964392.485
1964712.485
1964992.485
1965312.485
1965592.485
1965912.485
1966192.485
1966512.485
1966792.485
1967112.485
1967392.485
1967712.485
1967992.485
1968312.485
1968592.485
1968912.485
1969192.485
1969512.485
1969792.485
1970112.485
1970392.485
1970712.485
1970992.485
1971312.485
1971592.485
1971912.485
1972192.485
1972512.485
1972792.485
1973112.485
1973392.485
1973712.485
1973992.485
1974312.485
1974592.485
1974912.485
1975192.485
1975512.485
1975792.485
1976112.485
1976392.485
1976712.485
1976992.485
1977312.485
1977592.485
1977912.485
1978192.485
1978512.485
1978792.485
1979112.485
1979392.485
1979712.485
1979992.485
1980312.485
1980592.485
1980912.485
1981192.485
1981512.485
1981792.485
1982112.485
1982392.485
1982712.485
1982992.485
1983312.485
1983592.485
1983912.485
1984192.485
1984512.485
1984792.485
1985112.485
1985392.485
1985712.485
1985992.485
1986312.485
1986592.485
1986912.485
1987200.000
