/*--------------------------------*- C++ -*----------------------------------*\
  =========                 |
  \\      /  F ield         | OpenFOAM: The Open Source CFD Toolbox
   \\    /   O peration     | Website:  https://openfoam.org
    \\  /    A nd           | Version:  7
     \\/     M anipulation  |
\*---------------------------------------------------------------------------*/
FoamFile
{
    version     2.0;
    format      ascii;
    class       volScalarField;
    location    "0.000";
    object      hydraulicCond;
}
// * * * * * * * * * * * * * * * * * * * * * * * * * * * * * * * * * * * * * //

dimensions      [0 1 -1 0 0 0 0];

internalField   nonuniform List<scalar> 
300
(
2.83e-05
2.83e-05
2.83e-05
2.83e-05
2.83e-05
2.83e-05
2.83e-05
2.83e-05
2.83e-05
2.83e-05
2.83e-05
2.83e-05
2.83e-05
2.83e-05
2.83e-05
2.83e-05
2.83e-05
2.83e-05
2.83e-05
2.83e-05
2.83e-05
2.83e-05
2.83e-05
2.83e-05
2.83e-05
2.83e-05
2.83e-05
2.83e-05
2.83e-05
2.83e-05
2.83e-05
2.83e-05
2.83e-05
2.83e-05
2.83e-05
2.83e-05
2.83e-05
2.83e-05
2.83e-05
2.83e-05
2.83e-05
2.83e-05
2.83e-05
2.83e-05
2.83e-05
2.83e-05
2.83e-05
2.83e-05
2.83e-05
2.83e-05
2.83e-05
2.83e-05
2.83e-05
2.83e-05
2.83e-05
2.83e-05
2.83e-05
2.83e-05
2.83e-05
2.83e-05
2.83e-05
2.83e-05
2.83e-05
2.83e-05
2.83e-05
2.83e-05
2.83e-05
2.83e-05
2.83e-05
2.83e-05
2.83e-05
2.83e-05
2.83e-05
2.83e-05
2.83e-05
2.83e-05
2.83e-05
6.33e-05
6.33e-05
6.33e-05
6.33e-05
6.33e-05
6.33e-05
6.33e-05
6.33e-05
6.33e-05
6.33e-05
6.33e-05
6.33e-05
6.33e-05
6.33e-05
6.33e-05
6.33e-05
6.33e-05
6.33e-05
6.33e-05
6.33e-05
6.33e-05
6.33e-05
6.33e-05
6.33e-05
6.33e-05
6.33e-05
6.33e-05
6.33e-05
6.33e-05
6.33e-05
6.33e-05
6.33e-05
6.33e-05
6.33e-05
6.33e-05
6.33e-05
6.33e-05
6.33e-05
6.33e-05
6.33e-05
6.33e-05
6.33e-05
6.33e-05
6.33e-05
6.33e-05
6.33e-05
6.33e-05
6.33e-05
6.33e-05
6.33e-05
6.33e-05
6.33e-05
3.95e-05
3.95e-05
3.95e-05
3.95e-05
3.95e-05
3.95e-05
3.95e-05
3.95e-05
3.95e-05
3.95e-05
3.95e-05
3.95e-05
3.95e-05
3.95e-05
3.95e-05
3.95e-05
3.95e-05
3.95e-05
3.95e-05
3.95e-05
3.95e-05
3.95e-05
3.95e-05
3.95e-05
3.95e-05
3.95e-05
3.95e-05
3.95e-05
3.95e-05
3.95e-05
3.95e-05
3.95e-05
3.95e-05
3.95e-05
3.95e-05
3.95e-05
3.95e-05
3.95e-05
3.95e-05
3.95e-05
3.95e-05
3.95e-05
3.95e-05
3.95e-05
3.95e-05
3.95e-05
3.95e-05
6.33e-05
6.33e-05
6.33e-05
6.33e-05
6.33e-05
6.33e-05
6.33e-05
6.33e-05
6.33e-05
6.33e-05
6.33e-05
6.33e-05
6.33e-05
6.33e-05
6.33e-05
6.33e-05
6.33e-05
6.33e-05
6.33e-05
6.33e-05
6.33e-05
6.33e-05
6.33e-05
6.33e-05
6.33e-05
6.33e-05
6.33e-05
6.33e-05
6.33e-05
6.33e-05
6.33e-05
6.33e-05
6.33e-05
6.33e-05
6.33e-05
6.33e-05
6.33e-05
6.33e-05
6.33e-05
6.33e-05
6.33e-05
6.33e-05
6.33e-05
6.33e-05
6.33e-05
6.33e-05
6.33e-05
6.33e-05
6.33e-05
6.33e-05
6.33e-05
6.33e-05
6.33e-05
6.33e-05
6.33e-05
4.67e-05
4.67e-05
4.67e-05
4.67e-05
4.67e-05
4.67e-05
4.67e-05
4.67e-05
4.67e-05
3.75e-05
3.75e-05
3.75e-05
3.75e-05
3.75e-05
3.75e-05
3.75e-05
3.75e-05
3.75e-05
3.75e-05
3.75e-05
3.75e-05
3.75e-05
3.75e-05
3.75e-05
3.75e-05
3.75e-05
3.75e-05
3.75e-05
3.75e-05
3.75e-05
3.75e-05
3.75e-05
3.75e-05
3.75e-05
3.75e-05
3.75e-05
3.75e-05
3.75e-05
3.75e-05
3.75e-05
3.75e-05
3.75e-05
3.75e-05
3.75e-05
3.75e-05
3.75e-05
3.75e-05
3.75e-05
3.75e-05
3.75e-05
3.75e-05
3.75e-05
3.75e-05
3.75e-05
3.75e-05
3.75e-05
3.75e-05
3.75e-05
3.75e-05
3.75e-05
3.75e-05
3.75e-05
3.75e-05
3.75e-05
3.75e-05
3.75e-05
3.75e-05
3.75e-05
3.75e-05
)
;

boundaryField
{
    top
    {
        type            calculated;
        value           uniform 7.49887e-06;
    }
    left
    {
        type            empty;
    }
    right
    {
        type            empty;
    }
    front
    {
        type            empty;
    }
    back
    {
        type            empty;
    }
    bottom
    {
        type            calculated;
        value           uniform 3.75e-05;
    }
}


// ************************************************************************* //
