/*--------------------------------*- C++ -*----------------------------------*\
  =========                 |
  \\      /  F ield         | OpenFOAM: The Open Source CFD Toolbox
   \\    /   O peration     | Website:  https://openfoam.org
    \\  /    A nd           | Version:  7
     \\/     M anipulation  |
\*---------------------------------------------------------------------------*/
FoamFile
{
    version     2.0;
    format      ascii;
    class       volVectorField;
    location    "0.000";
    object      U;
}
// * * * * * * * * * * * * * * * * * * * * * * * * * * * * * * * * * * * * * //

dimensions      [0 1 -1 0 0 0 0];

internalField   nonuniform List<vector> 
300
(
(-0 -0 -2.83e-05)
(-0 -0 -2.83e-05)
(-0 -0 -2.83e-05)
(-0 -0 -2.83e-05)
(-0 -0 -2.83e-05)
(-0 -0 -2.83e-05)
(-0 -0 -2.83e-05)
(-0 -0 -2.83e-05)
(-0 -0 -2.83e-05)
(-0 -0 -2.83e-05)
(-0 -0 -2.83e-05)
(-0 -0 -2.83e-05)
(-0 -0 -2.83e-05)
(-0 -0 -2.83e-05)
(-0 -0 -2.83e-05)
(-0 -0 -2.83e-05)
(-0 -0 -2.83e-05)
(-0 -0 -2.83e-05)
(-0 -0 -2.83e-05)
(-0 -0 -2.83e-05)
(-0 -0 -2.83e-05)
(-0 -0 -2.83e-05)
(-0 -0 -2.83e-05)
(-0 -0 -2.83e-05)
(-0 -0 -2.83e-05)
(-0 -0 -2.83e-05)
(-0 -0 -2.83e-05)
(-0 -0 -2.83e-05)
(-0 -0 -2.83e-05)
(-0 -0 -2.83e-05)
(-0 -0 -2.83e-05)
(-0 -0 -2.83e-05)
(-0 -0 -2.83e-05)
(-0 -0 -2.83e-05)
(-0 -0 -2.83e-05)
(-0 -0 -2.83e-05)
(-0 -0 -2.83e-05)
(-0 -0 -2.83e-05)
(-0 -0 -2.83e-05)
(-0 -0 -2.83e-05)
(-0 -0 -2.83e-05)
(-0 -0 -2.83e-05)
(-0 -0 -2.83e-05)
(-0 -0 -2.83e-05)
(-0 -0 -2.83e-05)
(-0 -0 -2.83e-05)
(-0 -0 -2.83e-05)
(-0 -0 -2.83e-05)
(-0 -0 -2.83e-05)
(-0 -0 -2.83e-05)
(-0 -0 -2.83e-05)
(-0 -0 -2.83e-05)
(-0 -0 -2.83e-05)
(-0 -0 -2.83e-05)
(-0 -0 -2.83e-05)
(-0 -0 -2.83e-05)
(-0 -0 -2.83e-05)
(-0 -0 -2.83e-05)
(-0 -0 -2.83e-05)
(-0 -0 -2.83e-05)
(-0 -0 -2.83e-05)
(-0 -0 -2.83e-05)
(-0 -0 -2.83e-05)
(-0 -0 -2.83e-05)
(-0 -0 -2.83e-05)
(-0 -0 -2.83e-05)
(-0 -0 -2.83e-05)
(-0 -0 -2.83e-05)
(-0 -0 -2.83e-05)
(-0 -0 -2.83e-05)
(-0 -0 -2.83e-05)
(-0 -0 -2.83e-05)
(-0 -0 -2.83e-05)
(-0 -0 -2.83e-05)
(-0 -0 -2.83e-05)
(-0 -0 -2.83e-05)
(-0 -0 0.00128201)
(-0 -0 -6.33e-05)
(-0 -0 -6.33e-05)
(-0 -0 -6.33e-05)
(-0 -0 -6.33e-05)
(-0 -0 -6.33e-05)
(-0 -0 -6.33e-05)
(-0 -0 -6.33e-05)
(-0 -0 -6.33e-05)
(-0 -0 -6.33e-05)
(-0 -0 -6.33e-05)
(-0 -0 -6.33e-05)
(-0 -0 -6.33e-05)
(-0 -0 -6.33e-05)
(-0 -0 -6.33e-05)
(-0 -0 -6.33e-05)
(-0 -0 -6.33e-05)
(-0 -0 -6.33e-05)
(-0 -0 -6.33e-05)
(-0 -0 -6.33e-05)
(-0 -0 -6.33e-05)
(-0 -0 -6.33e-05)
(-0 -0 -6.33e-05)
(-0 -0 -6.33e-05)
(-0 -0 -6.33e-05)
(-0 -0 -6.33e-05)
(-0 -0 -6.33e-05)
(-0 -0 -6.33e-05)
(-0 -0 -6.33e-05)
(-0 -0 -6.33e-05)
(-0 -0 -6.33e-05)
(-0 -0 -6.33e-05)
(-0 -0 -6.33e-05)
(-0 -0 -6.33e-05)
(-0 -0 -6.33e-05)
(-0 -0 -6.33e-05)
(-0 -0 -6.33e-05)
(-0 -0 -6.33e-05)
(-0 -0 -6.33e-05)
(-0 -0 -6.33e-05)
(-0 -0 -6.33e-05)
(-0 -0 -6.33e-05)
(-0 -0 -6.33e-05)
(-0 -0 -6.33e-05)
(-0 -0 -6.33e-05)
(-0 -0 -6.33e-05)
(-0 -0 -6.33e-05)
(-0 -0 -6.33e-05)
(-0 -0 -6.33e-05)
(-0 -0 -6.33e-05)
(-0 -0 -6.33e-05)
(-0 -0 -6.33e-05)
(-0 -0 -6.33e-05)
(-0 -0 -3.95e-05)
(-0 -0 -3.95e-05)
(-0 -0 -3.95e-05)
(-0 -0 -3.95e-05)
(-0 -0 -3.95e-05)
(-0 -0 -3.95e-05)
(-0 -0 -3.95e-05)
(-0 -0 -3.95e-05)
(-0 -0 -3.95e-05)
(-0 -0 -3.95e-05)
(-0 -0 -3.95e-05)
(-0 -0 -3.95e-05)
(-0 -0 -3.95e-05)
(-0 -0 -3.95e-05)
(-0 -0 -3.95e-05)
(-0 -0 -3.95e-05)
(-0 -0 -3.95e-05)
(-0 -0 -3.95e-05)
(-0 -0 -3.95e-05)
(-0 -0 -3.95e-05)
(-0 -0 -3.95e-05)
(-0 -0 -3.95e-05)
(-0 -0 -3.95e-05)
(-0 -0 -3.95e-05)
(-0 -0 -3.95e-05)
(-0 -0 -3.95e-05)
(-0 -0 -3.95e-05)
(-0 -0 -3.95e-05)
(-0 -0 -3.95e-05)
(-0 -0 -3.95e-05)
(-0 -0 -3.95e-05)
(-0 -0 -3.95e-05)
(-0 -0 -3.95e-05)
(-0 -0 -3.95e-05)
(-0 -0 -3.95e-05)
(-0 -0 -3.95e-05)
(-0 -0 -3.95e-05)
(-0 -0 -3.95e-05)
(-0 -0 -3.95e-05)
(-0 -0 -3.95e-05)
(-0 -0 -3.95e-05)
(-0 -0 -3.95e-05)
(-0 -0 -3.95e-05)
(-0 -0 -3.95e-05)
(-0 -0 -3.95e-05)
(-0 -0 -3.95e-05)
(-0 -0 -3.95e-05)
(-0 -0 -6.33e-05)
(-0 -0 -6.33e-05)
(-0 -0 -6.33e-05)
(-0 -0 -6.33e-05)
(-0 -0 -6.33e-05)
(-0 -0 -6.33e-05)
(-0 -0 -6.33e-05)
(-0 -0 -6.33e-05)
(-0 -0 -6.33e-05)
(-0 -0 -6.33e-05)
(-0 -0 -6.33e-05)
(-0 -0 -6.33e-05)
(-0 -0 -6.33e-05)
(-0 -0 -6.33e-05)
(-0 -0 -6.33e-05)
(-0 -0 -6.33e-05)
(-0 -0 -6.33e-05)
(-0 -0 -6.33e-05)
(-0 -0 -6.33e-05)
(-0 -0 -6.33e-05)
(-0 -0 -6.33e-05)
(-0 -0 -6.33e-05)
(-0 -0 -6.33e-05)
(-0 -0 -6.33e-05)
(-0 -0 -6.33e-05)
(-0 -0 -6.33e-05)
(-0 -0 -6.33e-05)
(-0 -0 -6.33e-05)
(-0 -0 -6.33e-05)
(-0 -0 -6.33e-05)
(-0 -0 -6.33e-05)
(-0 -0 -6.33e-05)
(-0 -0 -6.33e-05)
(-0 -0 -6.33e-05)
(-0 -0 -6.33e-05)
(-0 -0 -6.33e-05)
(-0 -0 -6.33e-05)
(-0 -0 -6.33e-05)
(-0 -0 -6.33e-05)
(-0 -0 -6.33e-05)
(-0 -0 -6.33e-05)
(-0 -0 -6.33e-05)
(-0 -0 -6.33e-05)
(-0 -0 -6.33e-05)
(-0 -0 -6.33e-05)
(-0 -0 -6.33e-05)
(-0 -0 -6.33e-05)
(-0 -0 -6.33e-05)
(-0 -0 -6.33e-05)
(-0 -0 -6.33e-05)
(-0 -0 -6.33e-05)
(-0 -0 -6.33e-05)
(-0 -0 -6.33e-05)
(-0 -0 -6.33e-05)
(-0 -0 -6.33e-05)
(-0 -0 -4.67e-05)
(-0 -0 -4.67e-05)
(-0 -0 -4.67e-05)
(-0 -0 -4.67e-05)
(-0 -0 -4.67e-05)
(-0 -0 -4.67e-05)
(-0 -0 -4.67e-05)
(-0 -0 -4.67e-05)
(-0 -0 -4.67e-05)
(5.20417e-20 -0 -3.75e-05)
(5.20417e-20 -0 -3.75e-05)
(-0 -0 -3.75e-05)
(-0 -0 -3.75e-05)
(-0 -0 -3.75e-05)
(-0 -0 -3.75e-05)
(-0 -0 -3.75e-05)
(-0 -0 -3.75e-05)
(-0 -0 -3.75e-05)
(-0 -0 -3.75e-05)
(-0 -0 -3.75e-05)
(-0 -0 -3.75e-05)
(-0 -0 -3.75e-05)
(-0 -0 -3.75e-05)
(-0 -0 -3.75e-05)
(-0 -0 -3.75e-05)
(-0 -0 -3.75e-05)
(-0 -0 -3.75e-05)
(-0 -0 -3.75e-05)
(-0 -0 -3.75e-05)
(-0 -0 -3.75e-05)
(-0 -0 -3.75e-05)
(-0 -0 -3.75e-05)
(-0 -0 -3.75e-05)
(-0 -0 -3.75e-05)
(-0 -0 -3.75e-05)
(-0 -0 -3.75e-05)
(-0 -0 -3.75e-05)
(-0 -0 -3.75e-05)
(-0 -0 -3.75e-05)
(-0 -0 -3.75e-05)
(-0 -0 -3.75e-05)
(-0 -0 -3.75e-05)
(-0 -0 -3.75e-05)
(-0 -0 -3.75e-05)
(-0 -0 -3.75e-05)
(-0 -0 -3.75e-05)
(-0 -0 -3.75e-05)
(-0 -0 -3.75e-05)
(-0 -0 -3.75e-05)
(-0 -0 -3.75e-05)
(-0 -0 -3.75e-05)
(-0 -0 -3.75e-05)
(-0 -0 -3.75e-05)
(-0 -0 -3.75e-05)
(-0 -0 -3.75e-05)
(-0 -0 -3.75e-05)
(-0 -0 -3.75e-05)
(-0 -0 -3.75e-05)
(-0 -0 -3.75e-05)
(-0 -0 -3.75e-05)
(-0 -0 -3.75e-05)
(-0 -0 -3.75e-05)
(-0 -0 -3.75e-05)
(-0 -0 -3.75e-05)
(-0 -0 -3.75e-05)
(-0 -0 -3.75e-05)
(-0 -0 -3.75e-05)
(-0 -0 -3.75e-05)
(-0 -0 -3.75e-05)
)
;

boundaryField
{
    top
    {
        type            extrapolatedCalculated;
        value           uniform (-0 -0 0.000513305);
    }
    left
    {
        type            empty;
    }
    right
    {
        type            empty;
    }
    front
    {
        type            empty;
    }
    back
    {
        type            empty;
    }
    bottom
    {
        type            extrapolatedCalculated;
        value           uniform (5.20417e-20 -0 -3.75e-05);
    }
}


// ************************************************************************* //
