/*--------------------------------*- C++ -*----------------------------------*\
  =========                 |
  \\      /  F ield         | OpenFOAM: The Open Source CFD Toolbox
   \\    /   O peration     | Website:  https://openfoam.org
    \\  /    A nd           | Version:  7
     \\/     M anipulation  |
\*---------------------------------------------------------------------------*/
FoamFile
{
    version     2.0;
    format      ascii;
    class       vectorField;
    location    "constant/polyMesh";
    object      points;
}
// * * * * * * * * * * * * * * * * * * * * * * * * * * * * * * * * * * * * * //


1284
(
(0 0 0)
(0.2 0 0)
(0 0.1 0)
(0.2 0.1 0)
(0 0 0.01005246055)
(0.2 0 0.01005246055)
(0 0.1 0.01005246055)
(0.2 0.1 0.01005246055)
(0 0 0.02005433154)
(0.2 0 0.02005433154)
(0 0.1 0.02005433154)
(0.2 0.1 0.02005433154)
(0 0 0.03000586758)
(0.2 0 0.03000586758)
(0 0.1 0.03000586758)
(0.2 0.1 0.03000586758)
(0 0 0.03990732198)
(0.2 0 0.03990732198)
(0 0.1 0.03990732198)
(0.2 0.1 0.03990732198)
(0 0 0.04975894678)
(0.2 0 0.04975894678)
(0 0.1 0.04975894678)
(0.2 0.1 0.04975894678)
(0 0 0.05956099274)
(0.2 0 0.05956099274)
(0 0.1 0.05956099274)
(0.2 0.1 0.05956099274)
(0 0 0.06931370937)
(0.2 0 0.06931370937)
(0 0.1 0.06931370937)
(0.2 0.1 0.06931370937)
(0 0 0.07901734494)
(0.2 0 0.07901734494)
(0 0.1 0.07901734494)
(0.2 0.1 0.07901734494)
(0 0 0.08867214643)
(0.2 0 0.08867214643)
(0 0.1 0.08867214643)
(0.2 0.1 0.08867214643)
(0 0 0.09827835962)
(0.2 0 0.09827835962)
(0 0.1 0.09827835962)
(0.2 0.1 0.09827835962)
(0 0 0.107836229)
(0.2 0 0.107836229)
(0 0.1 0.107836229)
(0.2 0.1 0.107836229)
(0 0 0.1173459979)
(0.2 0 0.1173459979)
(0 0.1 0.1173459979)
(0.2 0.1 0.1173459979)
(0 0 0.1268079084)
(0.2 0 0.1268079084)
(0 0.1 0.1268079084)
(0.2 0.1 0.1268079084)
(0 0 0.1362222013)
(0.2 0 0.1362222013)
(0 0.1 0.1362222013)
(0.2 0.1 0.1362222013)
(0 0 0.1455891163)
(0.2 0 0.1455891163)
(0 0.1 0.1455891163)
(0.2 0.1 0.1455891163)
(0 0 0.1549088917)
(0.2 0 0.1549088917)
(0 0.1 0.1549088917)
(0.2 0.1 0.1549088917)
(0 0 0.1641817649)
(0.2 0 0.1641817649)
(0 0.1 0.1641817649)
(0.2 0.1 0.1641817649)
(0 0 0.1734079719)
(0.2 0 0.1734079719)
(0 0.1 0.1734079719)
(0.2 0.1 0.1734079719)
(0 0 0.1825877474)
(0.2 0 0.1825877474)
(0 0.1 0.1825877474)
(0.2 0.1 0.1825877474)
(0 0 0.1917213253)
(0.2 0 0.1917213253)
(0 0.1 0.1917213253)
(0.2 0.1 0.1917213253)
(0 0 0.2008089379)
(0.2 0 0.2008089379)
(0 0.1 0.2008089379)
(0.2 0.1 0.2008089379)
(0 0 0.2098508167)
(0.2 0 0.2098508167)
(0 0.1 0.2098508167)
(0.2 0.1 0.2098508167)
(0 0 0.2188471916)
(0.2 0 0.2188471916)
(0 0.1 0.2188471916)
(0.2 0.1 0.2188471916)
(0 0 0.2277982919)
(0.2 0 0.2277982919)
(0 0.1 0.2277982919)
(0.2 0.1 0.2277982919)
(0 0 0.2367043452)
(0.2 0 0.2367043452)
(0 0.1 0.2367043452)
(0.2 0.1 0.2367043452)
(0 0 0.2455655784)
(0.2 0 0.2455655784)
(0 0.1 0.2455655784)
(0.2 0.1 0.2455655784)
(0 0 0.2543822169)
(0.2 0 0.2543822169)
(0 0.1 0.2543822169)
(0.2 0.1 0.2543822169)
(0 0 0.2631544852)
(0.2 0 0.2631544852)
(0 0.1 0.2631544852)
(0.2 0.1 0.2631544852)
(0 0 0.2718826066)
(0.2 0 0.2718826066)
(0 0.1 0.2718826066)
(0.2 0.1 0.2718826066)
(0 0 0.2805668033)
(0.2 0 0.2805668033)
(0 0.1 0.2805668033)
(0.2 0.1 0.2805668033)
(0 0 0.2892072962)
(0.2 0 0.2892072962)
(0 0.1 0.2892072962)
(0.2 0.1 0.2892072962)
(0 0 0.2978043055)
(0.2 0 0.2978043055)
(0 0.1 0.2978043055)
(0.2 0.1 0.2978043055)
(0 0 0.3063580498)
(0.2 0 0.3063580498)
(0 0.1 0.3063580498)
(0.2 0.1 0.3063580498)
(0 0 0.3148687469)
(0.2 0 0.3148687469)
(0 0.1 0.3148687469)
(0.2 0.1 0.3148687469)
(0 0 0.3233366135)
(0.2 0 0.3233366135)
(0 0.1 0.3233366135)
(0.2 0.1 0.3233366135)
(0 0 0.3317618651)
(0.2 0 0.3317618651)
(0 0.1 0.3317618651)
(0.2 0.1 0.3317618651)
(0 0 0.3401447161)
(0.2 0 0.3401447161)
(0 0.1 0.3401447161)
(0.2 0.1 0.3401447161)
(0 0 0.34848538)
(0.2 0 0.34848538)
(0 0.1 0.34848538)
(0.2 0.1 0.34848538)
(0 0 0.3567840691)
(0.2 0 0.3567840691)
(0 0.1 0.3567840691)
(0.2 0.1 0.3567840691)
(0 0 0.3650409946)
(0.2 0 0.3650409946)
(0 0.1 0.3650409946)
(0.2 0.1 0.3650409946)
(0 0 0.3732563666)
(0.2 0 0.3732563666)
(0 0.1 0.3732563666)
(0.2 0.1 0.3732563666)
(0 0 0.3814303943)
(0.2 0 0.3814303943)
(0 0.1 0.3814303943)
(0.2 0.1 0.3814303943)
(0 0 0.3895632858)
(0.2 0 0.3895632858)
(0 0.1 0.3895632858)
(0.2 0.1 0.3895632858)
(0 0 0.3976552481)
(0.2 0 0.3976552481)
(0 0.1 0.3976552481)
(0.2 0.1 0.3976552481)
(0 0 0.4057064872)
(0.2 0 0.4057064872)
(0 0.1 0.4057064872)
(0.2 0.1 0.4057064872)
(0 0 0.4137172079)
(0.2 0 0.4137172079)
(0 0.1 0.4137172079)
(0.2 0.1 0.4137172079)
(0 0 0.4216876143)
(0.2 0 0.4216876143)
(0 0.1 0.4216876143)
(0.2 0.1 0.4216876143)
(0 0 0.4296179092)
(0.2 0 0.4296179092)
(0 0.1 0.4296179092)
(0.2 0.1 0.4296179092)
(0 0 0.4375082944)
(0.2 0 0.4375082944)
(0 0.1 0.4375082944)
(0.2 0.1 0.4375082944)
(0 0 0.4453589709)
(0.2 0 0.4453589709)
(0 0.1 0.4453589709)
(0.2 0.1 0.4453589709)
(0 0 0.4531701384)
(0.2 0 0.4531701384)
(0 0.1 0.4531701384)
(0.2 0.1 0.4531701384)
(0 0 0.4609419957)
(0.2 0 0.4609419957)
(0 0.1 0.4609419957)
(0.2 0.1 0.4609419957)
(0 0 0.4686747408)
(0.2 0 0.4686747408)
(0 0.1 0.4686747408)
(0.2 0.1 0.4686747408)
(0 0 0.4763685704)
(0.2 0 0.4763685704)
(0 0.1 0.4763685704)
(0.2 0.1 0.4763685704)
(0 0 0.4840236804)
(0.2 0 0.4840236804)
(0 0.1 0.4840236804)
(0.2 0.1 0.4840236804)
(0 0 0.4916402657)
(0.2 0 0.4916402657)
(0 0.1 0.4916402657)
(0.2 0.1 0.4916402657)
(0 0 0.4992185201)
(0.2 0 0.4992185201)
(0 0.1 0.4992185201)
(0.2 0.1 0.4992185201)
(0 0 0.5067586365)
(0.2 0 0.5067586365)
(0 0.1 0.5067586365)
(0.2 0.1 0.5067586365)
(0 0 0.5142608068)
(0.2 0 0.5142608068)
(0 0.1 0.5142608068)
(0.2 0.1 0.5142608068)
(0 0 0.5217252221)
(0.2 0 0.5217252221)
(0 0.1 0.5217252221)
(0.2 0.1 0.5217252221)
(0 0 0.5291520723)
(0.2 0 0.5291520723)
(0 0.1 0.5291520723)
(0.2 0.1 0.5291520723)
(0 0 0.5365415465)
(0.2 0 0.5365415465)
(0 0.1 0.5365415465)
(0.2 0.1 0.5365415465)
(0 0 0.5438938328)
(0.2 0 0.5438938328)
(0 0.1 0.5438938328)
(0.2 0.1 0.5438938328)
(0 0 0.5512091182)
(0.2 0 0.5512091182)
(0 0.1 0.5512091182)
(0.2 0.1 0.5512091182)
(0 0 0.5584875891)
(0.2 0 0.5584875891)
(0 0.1 0.5584875891)
(0.2 0.1 0.5584875891)
(0 0 0.5657294308)
(0.2 0 0.5657294308)
(0 0.1 0.5657294308)
(0.2 0.1 0.5657294308)
(0 0 0.5729348274)
(0.2 0 0.5729348274)
(0 0.1 0.5729348274)
(0.2 0.1 0.5729348274)
(0 0 0.5801039625)
(0.2 0 0.5801039625)
(0 0.1 0.5801039625)
(0.2 0.1 0.5801039625)
(0 0 0.5872370186)
(0.2 0 0.5872370186)
(0 0.1 0.5872370186)
(0.2 0.1 0.5872370186)
(0 0 0.5943341771)
(0.2 0 0.5943341771)
(0 0.1 0.5943341771)
(0.2 0.1 0.5943341771)
(0 0 0.6013956189)
(0.2 0 0.6013956189)
(0 0.1 0.6013956189)
(0.2 0.1 0.6013956189)
(0 0 0.6084215235)
(0.2 0 0.6084215235)
(0 0.1 0.6084215235)
(0.2 0.1 0.6084215235)
(0 0 0.6154120699)
(0.2 0 0.6154120699)
(0 0.1 0.6154120699)
(0.2 0.1 0.6154120699)
(0 0 0.622367436)
(0.2 0 0.622367436)
(0 0.1 0.622367436)
(0.2 0.1 0.622367436)
(0 0 0.6292877988)
(0.2 0 0.6292877988)
(0 0.1 0.6292877988)
(0.2 0.1 0.6292877988)
(0 0 0.6361733346)
(0.2 0 0.6361733346)
(0 0.1 0.6361733346)
(0.2 0.1 0.6361733346)
(0 0 0.6430242185)
(0.2 0 0.6430242185)
(0 0.1 0.6430242185)
(0.2 0.1 0.6430242185)
(0 0 0.6498406249)
(0.2 0 0.6498406249)
(0 0.1 0.6498406249)
(0.2 0.1 0.6498406249)
(0 0 0.6566227275)
(0.2 0 0.6566227275)
(0 0.1 0.6566227275)
(0.2 0.1 0.6566227275)
(0 0 0.6633706987)
(0.2 0 0.6633706987)
(0 0.1 0.6633706987)
(0.2 0.1 0.6633706987)
(0 0 0.6700847104)
(0.2 0 0.6700847104)
(0 0.1 0.6700847104)
(0.2 0.1 0.6700847104)
(0 0 0.6767649335)
(0.2 0 0.6767649335)
(0 0.1 0.6767649335)
(0.2 0.1 0.6767649335)
(0 0 0.683411538)
(0.2 0 0.683411538)
(0 0.1 0.683411538)
(0.2 0.1 0.683411538)
(0 0 0.6900246931)
(0.2 0 0.6900246931)
(0 0.1 0.6900246931)
(0.2 0.1 0.6900246931)
(0 0 0.6966045671)
(0.2 0 0.6966045671)
(0 0.1 0.6966045671)
(0.2 0.1 0.6966045671)
(0 0 0.7031513276)
(0.2 0 0.7031513276)
(0 0.1 0.7031513276)
(0.2 0.1 0.7031513276)
(0 0 0.7096651411)
(0.2 0 0.7096651411)
(0 0.1 0.7096651411)
(0.2 0.1 0.7096651411)
(0 0 0.7161461736)
(0.2 0 0.7161461736)
(0 0.1 0.7161461736)
(0.2 0.1 0.7161461736)
(0 0 0.7225945898)
(0.2 0 0.7225945898)
(0 0.1 0.7225945898)
(0.2 0.1 0.7225945898)
(0 0 0.7290105541)
(0.2 0 0.7290105541)
(0 0.1 0.7290105541)
(0.2 0.1 0.7290105541)
(0 0 0.7353942297)
(0.2 0 0.7353942297)
(0 0.1 0.7353942297)
(0.2 0.1 0.7353942297)
(0 0 0.7417457791)
(0.2 0 0.7417457791)
(0 0.1 0.7417457791)
(0.2 0.1 0.7417457791)
(0 0 0.748065364)
(0.2 0 0.748065364)
(0 0.1 0.748065364)
(0.2 0.1 0.748065364)
(0 0 0.7543531452)
(0.2 0 0.7543531452)
(0 0.1 0.7543531452)
(0.2 0.1 0.7543531452)
(0 0 0.7606092829)
(0.2 0 0.7606092829)
(0 0.1 0.7606092829)
(0.2 0.1 0.7606092829)
(0 0 0.7668339361)
(0.2 0 0.7668339361)
(0 0.1 0.7668339361)
(0.2 0.1 0.7668339361)
(0 0 0.7730272635)
(0.2 0 0.7730272635)
(0 0.1 0.7730272635)
(0.2 0.1 0.7730272635)
(0 0 0.7791894226)
(0.2 0 0.7791894226)
(0 0.1 0.7791894226)
(0.2 0.1 0.7791894226)
(0 0 0.7853205704)
(0.2 0 0.7853205704)
(0 0.1 0.7853205704)
(0.2 0.1 0.7853205704)
(0 0 0.7914208628)
(0.2 0 0.7914208628)
(0 0.1 0.7914208628)
(0.2 0.1 0.7914208628)
(0 0 0.7974904551)
(0.2 0 0.7974904551)
(0 0.1 0.7974904551)
(0.2 0.1 0.7974904551)
(0 0 0.8035295019)
(0.2 0 0.8035295019)
(0 0.1 0.8035295019)
(0.2 0.1 0.8035295019)
(0 0 0.8095381569)
(0.2 0 0.8095381569)
(0 0.1 0.8095381569)
(0.2 0.1 0.8095381569)
(0 0 0.8155165729)
(0.2 0 0.8155165729)
(0 0.1 0.8155165729)
(0.2 0.1 0.8155165729)
(0 0 0.8214649023)
(0.2 0 0.8214649023)
(0 0.1 0.8214649023)
(0.2 0.1 0.8214649023)
(0 0 0.8273832964)
(0.2 0 0.8273832964)
(0 0.1 0.8273832964)
(0.2 0.1 0.8273832964)
(0 0 0.8332719059)
(0.2 0 0.8332719059)
(0 0.1 0.8332719059)
(0.2 0.1 0.8332719059)
(0 0 0.8391308806)
(0.2 0 0.8391308806)
(0 0.1 0.8391308806)
(0.2 0.1 0.8391308806)
(0 0 0.8449603697)
(0.2 0 0.8449603697)
(0 0.1 0.8449603697)
(0.2 0.1 0.8449603697)
(0 0 0.8507605216)
(0.2 0 0.8507605216)
(0 0.1 0.8507605216)
(0.2 0.1 0.8507605216)
(0 0 0.8565314839)
(0.2 0 0.8565314839)
(0 0.1 0.8565314839)
(0.2 0.1 0.8565314839)
(0 0 0.8622734035)
(0.2 0 0.8622734035)
(0 0.1 0.8622734035)
(0.2 0.1 0.8622734035)
(0 0 0.8679864266)
(0.2 0 0.8679864266)
(0 0.1 0.8679864266)
(0.2 0.1 0.8679864266)
(0 0 0.8736706986)
(0.2 0 0.8736706986)
(0 0.1 0.8736706986)
(0.2 0.1 0.8736706986)
(0 0 0.8793263642)
(0.2 0 0.8793263642)
(0 0.1 0.8793263642)
(0.2 0.1 0.8793263642)
(0 0 0.8849535674)
(0.2 0 0.8849535674)
(0 0.1 0.8849535674)
(0.2 0.1 0.8849535674)
(0 0 0.8905524514)
(0.2 0 0.8905524514)
(0 0.1 0.8905524514)
(0.2 0.1 0.8905524514)
(0 0 0.8961231586)
(0.2 0 0.8961231586)
(0 0.1 0.8961231586)
(0.2 0.1 0.8961231586)
(0 0 0.901665831)
(0.2 0 0.901665831)
(0 0.1 0.901665831)
(0.2 0.1 0.901665831)
(0 0 0.9071806096)
(0.2 0 0.9071806096)
(0 0.1 0.9071806096)
(0.2 0.1 0.9071806096)
(0 0 0.9126676348)
(0.2 0 0.9126676348)
(0 0.1 0.9126676348)
(0.2 0.1 0.9126676348)
(0 0 0.9181270462)
(0.2 0 0.9181270462)
(0 0.1 0.9181270462)
(0.2 0.1 0.9181270462)
(0 0 0.9235589829)
(0.2 0 0.9235589829)
(0 0.1 0.9235589829)
(0.2 0.1 0.9235589829)
(0 0 0.928963583)
(0.2 0 0.928963583)
(0 0.1 0.928963583)
(0.2 0.1 0.928963583)
(0 0 0.9343409842)
(0.2 0 0.9343409842)
(0 0.1 0.9343409842)
(0.2 0.1 0.9343409842)
(0 0 0.9396913233)
(0.2 0 0.9396913233)
(0 0.1 0.9396913233)
(0.2 0.1 0.9396913233)
(0 0 0.9450147365)
(0.2 0 0.9450147365)
(0 0.1 0.9450147365)
(0.2 0.1 0.9450147365)
(0 0 0.9503113594)
(0.2 0 0.9503113594)
(0 0.1 0.9503113594)
(0.2 0.1 0.9503113594)
(0 0 0.9555813268)
(0.2 0 0.9555813268)
(0 0.1 0.9555813268)
(0.2 0.1 0.9555813268)
(0 0 0.9608247727)
(0.2 0 0.9608247727)
(0 0.1 0.9608247727)
(0.2 0.1 0.9608247727)
(0 0 0.9660418307)
(0.2 0 0.9660418307)
(0 0.1 0.9660418307)
(0.2 0.1 0.9660418307)
(0 0 0.9712326336)
(0.2 0 0.9712326336)
(0 0.1 0.9712326336)
(0.2 0.1 0.9712326336)
(0 0 0.9763973135)
(0.2 0 0.9763973135)
(0 0.1 0.9763973135)
(0.2 0.1 0.9763973135)
(0 0 0.9815360019)
(0.2 0 0.9815360019)
(0 0.1 0.9815360019)
(0.2 0.1 0.9815360019)
(0 0 0.9866488296)
(0.2 0 0.9866488296)
(0 0.1 0.9866488296)
(0.2 0.1 0.9866488296)
(0 0 0.9917359266)
(0.2 0 0.9917359266)
(0 0.1 0.9917359266)
(0.2 0.1 0.9917359266)
(0 0 0.9967974226)
(0.2 0 0.9967974226)
(0 0.1 0.9967974226)
(0.2 0.1 0.9967974226)
(0 0 1.001833446)
(0.2 0 1.001833446)
(0 0.1 1.001833446)
(0.2 0.1 1.001833446)
(0 0 1.006844126)
(0.2 0 1.006844126)
(0 0.1 1.006844126)
(0.2 0.1 1.006844126)
(0 0 1.011829589)
(0.2 0 1.011829589)
(0 0.1 1.011829589)
(0.2 0.1 1.011829589)
(0 0 1.016789963)
(0.2 0 1.016789963)
(0 0.1 1.016789963)
(0.2 0.1 1.016789963)
(0 0 1.021725373)
(0.2 0 1.021725373)
(0 0.1 1.021725373)
(0.2 0.1 1.021725373)
(0 0 1.026635945)
(0.2 0 1.026635945)
(0 0.1 1.026635945)
(0.2 0.1 1.026635945)
(0 0 1.031521805)
(0.2 0 1.031521805)
(0 0.1 1.031521805)
(0.2 0.1 1.031521805)
(0 0 1.036383076)
(0.2 0 1.036383076)
(0 0.1 1.036383076)
(0.2 0.1 1.036383076)
(0 0 1.041219883)
(0.2 0 1.041219883)
(0 0.1 1.041219883)
(0.2 0.1 1.041219883)
(0 0 1.046032349)
(0.2 0 1.046032349)
(0 0.1 1.046032349)
(0.2 0.1 1.046032349)
(0 0 1.050820595)
(0.2 0 1.050820595)
(0 0.1 1.050820595)
(0.2 0.1 1.050820595)
(0 0 1.055584744)
(0.2 0 1.055584744)
(0 0.1 1.055584744)
(0.2 0.1 1.055584744)
(0 0 1.060324917)
(0.2 0 1.060324917)
(0 0.1 1.060324917)
(0.2 0.1 1.060324917)
(0 0 1.065041236)
(0.2 0 1.065041236)
(0 0.1 1.065041236)
(0.2 0.1 1.065041236)
(0 0 1.069733819)
(0.2 0 1.069733819)
(0 0.1 1.069733819)
(0.2 0.1 1.069733819)
(0 0 1.074402786)
(0.2 0 1.074402786)
(0 0.1 1.074402786)
(0.2 0.1 1.074402786)
(0 0 1.079048257)
(0.2 0 1.079048257)
(0 0.1 1.079048257)
(0.2 0.1 1.079048257)
(0 0 1.083670348)
(0.2 0 1.083670348)
(0 0.1 1.083670348)
(0.2 0.1 1.083670348)
(0 0 1.08826918)
(0.2 0 1.08826918)
(0 0.1 1.08826918)
(0.2 0.1 1.08826918)
(0 0 1.092844867)
(0.2 0 1.092844867)
(0 0.1 1.092844867)
(0.2 0.1 1.092844867)
(0 0 1.097397526)
(0.2 0 1.097397526)
(0 0.1 1.097397526)
(0.2 0.1 1.097397526)
(0 0 1.101927275)
(0.2 0 1.101927275)
(0 0.1 1.101927275)
(0.2 0.1 1.101927275)
(0 0 1.106434227)
(0.2 0 1.106434227)
(0 0.1 1.106434227)
(0.2 0.1 1.106434227)
(0 0 1.110918497)
(0.2 0 1.110918497)
(0 0.1 1.110918497)
(0.2 0.1 1.110918497)
(0 0 1.115380201)
(0.2 0 1.115380201)
(0 0.1 1.115380201)
(0.2 0.1 1.115380201)
(0 0 1.11981945)
(0.2 0 1.11981945)
(0 0.1 1.11981945)
(0.2 0.1 1.11981945)
(0 0 1.124236359)
(0.2 0 1.124236359)
(0 0.1 1.124236359)
(0.2 0.1 1.124236359)
(0 0 1.128631039)
(0.2 0 1.128631039)
(0 0.1 1.128631039)
(0.2 0.1 1.128631039)
(0 0 1.133003603)
(0.2 0 1.133003603)
(0 0.1 1.133003603)
(0.2 0.1 1.133003603)
(0 0 1.137354162)
(0.2 0 1.137354162)
(0 0.1 1.137354162)
(0.2 0.1 1.137354162)
(0 0 1.141682826)
(0.2 0 1.141682826)
(0 0.1 1.141682826)
(0.2 0.1 1.141682826)
(0 0 1.145989706)
(0.2 0 1.145989706)
(0 0.1 1.145989706)
(0.2 0.1 1.145989706)
(0 0 1.150274912)
(0.2 0 1.150274912)
(0 0.1 1.150274912)
(0.2 0.1 1.150274912)
(0 0 1.154538552)
(0.2 0 1.154538552)
(0 0.1 1.154538552)
(0.2 0.1 1.154538552)
(0 0 1.158780735)
(0.2 0 1.158780735)
(0 0.1 1.158780735)
(0.2 0.1 1.158780735)
(0 0 1.163001569)
(0.2 0 1.163001569)
(0 0.1 1.163001569)
(0.2 0.1 1.163001569)
(0 0 1.167201161)
(0.2 0 1.167201161)
(0 0.1 1.167201161)
(0.2 0.1 1.167201161)
(0 0 1.171379619)
(0.2 0 1.171379619)
(0 0.1 1.171379619)
(0.2 0.1 1.171379619)
(0 0 1.175537048)
(0.2 0 1.175537048)
(0 0.1 1.175537048)
(0.2 0.1 1.175537048)
(0 0 1.179673555)
(0.2 0 1.179673555)
(0 0.1 1.179673555)
(0.2 0.1 1.179673555)
(0 0 1.183789245)
(0.2 0 1.183789245)
(0 0.1 1.183789245)
(0.2 0.1 1.183789245)
(0 0 1.187884222)
(0.2 0 1.187884222)
(0 0.1 1.187884222)
(0.2 0.1 1.187884222)
(0 0 1.191958591)
(0.2 0 1.191958591)
(0 0.1 1.191958591)
(0.2 0.1 1.191958591)
(0 0 1.196012456)
(0.2 0 1.196012456)
(0 0.1 1.196012456)
(0.2 0.1 1.196012456)
(0 0 1.200045919)
(0.2 0 1.200045919)
(0 0.1 1.200045919)
(0.2 0.1 1.200045919)
(0 0 1.204059084)
(0.2 0 1.204059084)
(0 0.1 1.204059084)
(0.2 0.1 1.204059084)
(0 0 1.208052052)
(0.2 0 1.208052052)
(0 0.1 1.208052052)
(0.2 0.1 1.208052052)
(0 0 1.212024926)
(0.2 0 1.212024926)
(0 0.1 1.212024926)
(0.2 0.1 1.212024926)
(0 0 1.215977805)
(0.2 0 1.215977805)
(0 0.1 1.215977805)
(0.2 0.1 1.215977805)
(0 0 1.219910792)
(0.2 0 1.219910792)
(0 0.1 1.219910792)
(0.2 0.1 1.219910792)
(0 0 1.223823986)
(0.2 0 1.223823986)
(0 0.1 1.223823986)
(0.2 0.1 1.223823986)
(0 0 1.227717486)
(0.2 0 1.227717486)
(0 0.1 1.227717486)
(0.2 0.1 1.227717486)
(0 0 1.231591392)
(0.2 0 1.231591392)
(0 0.1 1.231591392)
(0.2 0.1 1.231591392)
(0 0 1.235445802)
(0.2 0 1.235445802)
(0 0.1 1.235445802)
(0.2 0.1 1.235445802)
(0 0 1.239280815)
(0.2 0 1.239280815)
(0 0.1 1.239280815)
(0.2 0.1 1.239280815)
(0 0 1.243096528)
(0.2 0 1.243096528)
(0 0.1 1.243096528)
(0.2 0.1 1.243096528)
(0 0 1.246893038)
(0.2 0 1.246893038)
(0 0.1 1.246893038)
(0.2 0.1 1.246893038)
(0 0 1.250670442)
(0.2 0 1.250670442)
(0 0.1 1.250670442)
(0.2 0.1 1.250670442)
(0 0 1.254428836)
(0.2 0 1.254428836)
(0 0.1 1.254428836)
(0.2 0.1 1.254428836)
(0 0 1.258168316)
(0.2 0 1.258168316)
(0 0.1 1.258168316)
(0.2 0.1 1.258168316)
(0 0 1.261888977)
(0.2 0 1.261888977)
(0 0.1 1.261888977)
(0.2 0.1 1.261888977)
(0 0 1.265590913)
(0.2 0 1.265590913)
(0 0.1 1.265590913)
(0.2 0.1 1.265590913)
(0 0 1.269274219)
(0.2 0 1.269274219)
(0 0.1 1.269274219)
(0.2 0.1 1.269274219)
(0 0 1.272938988)
(0.2 0 1.272938988)
(0 0.1 1.272938988)
(0.2 0.1 1.272938988)
(0 0 1.276585315)
(0.2 0 1.276585315)
(0 0.1 1.276585315)
(0.2 0.1 1.276585315)
(0 0 1.280213291)
(0.2 0 1.280213291)
(0 0.1 1.280213291)
(0.2 0.1 1.280213291)
(0 0 1.283823009)
(0.2 0 1.283823009)
(0 0.1 1.283823009)
(0.2 0.1 1.283823009)
(0 0 1.287414561)
(0.2 0 1.287414561)
(0 0.1 1.287414561)
(0.2 0.1 1.287414561)
(0 0 1.290988038)
(0.2 0 1.290988038)
(0 0.1 1.290988038)
(0.2 0.1 1.290988038)
(0 0 1.294543532)
(0.2 0 1.294543532)
(0 0.1 1.294543532)
(0.2 0.1 1.294543532)
(0 0 1.298081132)
(0.2 0 1.298081132)
(0 0.1 1.298081132)
(0.2 0.1 1.298081132)
(0 0 1.301600929)
(0.2 0 1.301600929)
(0 0.1 1.301600929)
(0.2 0.1 1.301600929)
(0 0 1.305103013)
(0.2 0 1.305103013)
(0 0.1 1.305103013)
(0.2 0.1 1.305103013)
(0 0 1.308587472)
(0.2 0 1.308587472)
(0 0.1 1.308587472)
(0.2 0.1 1.308587472)
(0 0 1.312054396)
(0.2 0 1.312054396)
(0 0.1 1.312054396)
(0.2 0.1 1.312054396)
(0 0 1.315503872)
(0.2 0 1.315503872)
(0 0.1 1.315503872)
(0.2 0.1 1.315503872)
(0 0 1.318935988)
(0.2 0 1.318935988)
(0 0.1 1.318935988)
(0.2 0.1 1.318935988)
(0 0 1.322350832)
(0.2 0 1.322350832)
(0 0.1 1.322350832)
(0.2 0.1 1.322350832)
(0 0 1.325748491)
(0.2 0 1.325748491)
(0 0.1 1.325748491)
(0.2 0.1 1.325748491)
(0 0 1.32912905)
(0.2 0 1.32912905)
(0 0.1 1.32912905)
(0.2 0.1 1.32912905)
(0 0 1.332492597)
(0.2 0 1.332492597)
(0 0.1 1.332492597)
(0.2 0.1 1.332492597)
(0 0 1.335839217)
(0.2 0 1.335839217)
(0 0.1 1.335839217)
(0.2 0.1 1.335839217)
(0 0 1.339168994)
(0.2 0 1.339168994)
(0 0.1 1.339168994)
(0.2 0.1 1.339168994)
(0 0 1.342482015)
(0.2 0 1.342482015)
(0 0.1 1.342482015)
(0.2 0.1 1.342482015)
(0 0 1.345778362)
(0.2 0 1.345778362)
(0 0.1 1.345778362)
(0.2 0.1 1.345778362)
(0 0 1.34905812)
(0.2 0 1.34905812)
(0 0.1 1.34905812)
(0.2 0.1 1.34905812)
(0 0 1.352321373)
(0.2 0 1.352321373)
(0 0.1 1.352321373)
(0.2 0.1 1.352321373)
(0 0 1.355568203)
(0.2 0 1.355568203)
(0 0.1 1.355568203)
(0.2 0.1 1.355568203)
(0 0 1.358798694)
(0.2 0 1.358798694)
(0 0.1 1.358798694)
(0.2 0.1 1.358798694)
(0 0 1.362012927)
(0.2 0 1.362012927)
(0 0.1 1.362012927)
(0.2 0.1 1.362012927)
(0 0 1.365210984)
(0.2 0 1.365210984)
(0 0.1 1.365210984)
(0.2 0.1 1.365210984)
(0 0 1.368392946)
(0.2 0 1.368392946)
(0 0.1 1.368392946)
(0.2 0.1 1.368392946)
(0 0 1.371558895)
(0.2 0 1.371558895)
(0 0.1 1.371558895)
(0.2 0.1 1.371558895)
(0 0 1.374708912)
(0.2 0 1.374708912)
(0 0.1 1.374708912)
(0.2 0.1 1.374708912)
(0 0 1.377843076)
(0.2 0 1.377843076)
(0 0.1 1.377843076)
(0.2 0.1 1.377843076)
(0 0 1.380961466)
(0.2 0 1.380961466)
(0 0.1 1.380961466)
(0.2 0.1 1.380961466)
(0 0 1.384064164)
(0.2 0 1.384064164)
(0 0.1 1.384064164)
(0.2 0.1 1.384064164)
(0 0 1.387151247)
(0.2 0 1.387151247)
(0 0.1 1.387151247)
(0.2 0.1 1.387151247)
(0 0 1.390222794)
(0.2 0 1.390222794)
(0 0.1 1.390222794)
(0.2 0.1 1.390222794)
(0 0 1.393278883)
(0.2 0 1.393278883)
(0 0.1 1.393278883)
(0.2 0.1 1.393278883)
(0 0 1.396319593)
(0.2 0 1.396319593)
(0 0.1 1.396319593)
(0.2 0.1 1.396319593)
(0 0 1.399344999)
(0.2 0 1.399344999)
(0 0.1 1.399344999)
(0.2 0.1 1.399344999)
(0 0 1.402355181)
(0.2 0 1.402355181)
(0 0.1 1.402355181)
(0.2 0.1 1.402355181)
(0 0 1.405350213)
(0.2 0 1.405350213)
(0 0.1 1.405350213)
(0.2 0.1 1.405350213)
(0 0 1.408330173)
(0.2 0 1.408330173)
(0 0.1 1.408330173)
(0.2 0.1 1.408330173)
(0 0 1.411295136)
(0.2 0 1.411295136)
(0 0.1 1.411295136)
(0.2 0.1 1.411295136)
(0 0 1.414245177)
(0.2 0 1.414245177)
(0 0.1 1.414245177)
(0.2 0.1 1.414245177)
(0 0 1.417180373)
(0.2 0 1.417180373)
(0 0.1 1.417180373)
(0.2 0.1 1.417180373)
(0 0 1.420100797)
(0.2 0 1.420100797)
(0 0.1 1.420100797)
(0.2 0.1 1.420100797)
(0 0 1.423006523)
(0.2 0 1.423006523)
(0 0.1 1.423006523)
(0.2 0.1 1.423006523)
(0 0 1.425897627)
(0.2 0 1.425897627)
(0 0.1 1.425897627)
(0.2 0.1 1.425897627)
(0 0 1.428774181)
(0.2 0 1.428774181)
(0 0.1 1.428774181)
(0.2 0.1 1.428774181)
(0 0 1.431636258)
(0.2 0 1.431636258)
(0 0.1 1.431636258)
(0.2 0.1 1.431636258)
(0 0 1.434483932)
(0.2 0 1.434483932)
(0 0.1 1.434483932)
(0.2 0.1 1.434483932)
(0 0 1.437317274)
(0.2 0 1.437317274)
(0 0.1 1.437317274)
(0.2 0.1 1.437317274)
(0 0 1.440136358)
(0.2 0 1.440136358)
(0 0.1 1.440136358)
(0.2 0.1 1.440136358)
(0 0 1.442941255)
(0.2 0 1.442941255)
(0 0.1 1.442941255)
(0.2 0.1 1.442941255)
(0 0 1.445732036)
(0.2 0 1.445732036)
(0 0.1 1.445732036)
(0.2 0.1 1.445732036)
(0 0 1.448508772)
(0.2 0 1.448508772)
(0 0.1 1.448508772)
(0.2 0.1 1.448508772)
(0 0 1.451271534)
(0.2 0 1.451271534)
(0 0.1 1.451271534)
(0.2 0.1 1.451271534)
(0 0 1.454020392)
(0.2 0 1.454020392)
(0 0.1 1.454020392)
(0.2 0.1 1.454020392)
(0 0 1.456755416)
(0.2 0 1.456755416)
(0 0.1 1.456755416)
(0.2 0.1 1.456755416)
(0 0 1.459476677)
(0.2 0 1.459476677)
(0 0.1 1.459476677)
(0.2 0.1 1.459476677)
(0 0 1.462184242)
(0.2 0 1.462184242)
(0 0.1 1.462184242)
(0.2 0.1 1.462184242)
(0 0 1.464878182)
(0.2 0 1.464878182)
(0 0.1 1.464878182)
(0.2 0.1 1.464878182)
(0 0 1.467558564)
(0.2 0 1.467558564)
(0 0.1 1.467558564)
(0.2 0.1 1.467558564)
(0 0 1.470225456)
(0.2 0 1.470225456)
(0 0.1 1.470225456)
(0.2 0.1 1.470225456)
(0 0 1.472878928)
(0.2 0 1.472878928)
(0 0.1 1.472878928)
(0.2 0.1 1.472878928)
(0 0 1.475519046)
(0.2 0 1.475519046)
(0 0.1 1.475519046)
(0.2 0.1 1.475519046)
(0 0 1.478145877)
(0.2 0 1.478145877)
(0 0.1 1.478145877)
(0.2 0.1 1.478145877)
(0 0 1.480759489)
(0.2 0 1.480759489)
(0 0.1 1.480759489)
(0.2 0.1 1.480759489)
(0 0 1.483359947)
(0.2 0 1.483359947)
(0 0.1 1.483359947)
(0.2 0.1 1.483359947)
(0 0 1.485947319)
(0.2 0 1.485947319)
(0 0.1 1.485947319)
(0.2 0.1 1.485947319)
(0 0 1.488521669)
(0.2 0 1.488521669)
(0 0.1 1.488521669)
(0.2 0.1 1.488521669)
(0 0 1.491083064)
(0.2 0 1.491083064)
(0 0.1 1.491083064)
(0.2 0.1 1.491083064)
(0 0 1.493631569)
(0.2 0 1.493631569)
(0 0.1 1.493631569)
(0.2 0.1 1.493631569)
(0 0 1.496167248)
(0.2 0 1.496167248)
(0 0.1 1.496167248)
(0.2 0.1 1.496167248)
(0 0 1.498690166)
(0.2 0 1.498690166)
(0 0.1 1.498690166)
(0.2 0.1 1.498690166)
(0 0 1.501200387)
(0.2 0 1.501200387)
(0 0.1 1.501200387)
(0.2 0.1 1.501200387)
(0 0 1.503697976)
(0.2 0 1.503697976)
(0 0.1 1.503697976)
(0.2 0.1 1.503697976)
(0 0 1.506182995)
(0.2 0 1.506182995)
(0 0.1 1.506182995)
(0.2 0.1 1.506182995)
(0 0 1.508655509)
(0.2 0 1.508655509)
(0 0.1 1.508655509)
(0.2 0.1 1.508655509)
(0 0 1.511115579)
(0.2 0 1.511115579)
(0 0.1 1.511115579)
(0.2 0.1 1.511115579)
(0 0 1.513563269)
(0.2 0 1.513563269)
(0 0.1 1.513563269)
(0.2 0.1 1.513563269)
(0 0 1.515998641)
(0.2 0 1.515998641)
(0 0.1 1.515998641)
(0.2 0.1 1.515998641)
(0 0 1.518421756)
(0.2 0 1.518421756)
(0 0.1 1.518421756)
(0.2 0.1 1.518421756)
(0 0 1.520832677)
(0.2 0 1.520832677)
(0 0.1 1.520832677)
(0.2 0.1 1.520832677)
(0 0 1.523231465)
(0.2 0 1.523231465)
(0 0.1 1.523231465)
(0.2 0.1 1.523231465)
(0 0 1.525618181)
(0.2 0 1.525618181)
(0 0.1 1.525618181)
(0.2 0.1 1.525618181)
(0 0 1.527992886)
(0.2 0 1.527992886)
(0 0.1 1.527992886)
(0.2 0.1 1.527992886)
(0 0 1.53035564)
(0.2 0 1.53035564)
(0 0.1 1.53035564)
(0.2 0.1 1.53035564)
(0 0 1.532706503)
(0.2 0 1.532706503)
(0 0.1 1.532706503)
(0.2 0.1 1.532706503)
(0 0 1.535045535)
(0.2 0 1.535045535)
(0 0.1 1.535045535)
(0.2 0.1 1.535045535)
(0 0 1.537372796)
(0.2 0 1.537372796)
(0 0.1 1.537372796)
(0.2 0.1 1.537372796)
(0 0 1.539688345)
(0.2 0 1.539688345)
(0 0.1 1.539688345)
(0.2 0.1 1.539688345)
(0 0 1.541992241)
(0.2 0 1.541992241)
(0 0.1 1.541992241)
(0.2 0.1 1.541992241)
(0 0 1.544284543)
(0.2 0 1.544284543)
(0 0.1 1.544284543)
(0.2 0.1 1.544284543)
(0 0 1.546565308)
(0.2 0 1.546565308)
(0 0.1 1.546565308)
(0.2 0.1 1.546565308)
(0 0 1.548834595)
(0.2 0 1.548834595)
(0 0.1 1.548834595)
(0.2 0.1 1.548834595)
(0 0 1.551092462)
(0.2 0 1.551092462)
(0 0.1 1.551092462)
(0.2 0.1 1.551092462)
(0 0 1.553338966)
(0.2 0 1.553338966)
(0 0.1 1.553338966)
(0.2 0.1 1.553338966)
(0 0 1.555574164)
(0.2 0 1.555574164)
(0 0.1 1.555574164)
(0.2 0.1 1.555574164)
(0 0 1.557798114)
(0.2 0 1.557798114)
(0 0.1 1.557798114)
(0.2 0.1 1.557798114)
(0 0 1.560010871)
(0.2 0 1.560010871)
(0 0.1 1.560010871)
(0.2 0.1 1.560010871)
(0 0 1.562212493)
(0.2 0 1.562212493)
(0 0.1 1.562212493)
(0.2 0.1 1.562212493)
(0 0 1.564403035)
(0.2 0 1.564403035)
(0 0.1 1.564403035)
(0.2 0.1 1.564403035)
(0 0 1.566582553)
(0.2 0 1.566582553)
(0 0.1 1.566582553)
(0.2 0.1 1.566582553)
(0 0 1.568751102)
(0.2 0 1.568751102)
(0 0.1 1.568751102)
(0.2 0.1 1.568751102)
(0 0 1.570908738)
(0.2 0 1.570908738)
(0 0.1 1.570908738)
(0.2 0.1 1.570908738)
(0 0 1.573055516)
(0.2 0 1.573055516)
(0 0.1 1.573055516)
(0.2 0.1 1.573055516)
(0 0 1.575191489)
(0.2 0 1.575191489)
(0 0.1 1.575191489)
(0.2 0.1 1.575191489)
(0 0 1.577316714)
(0.2 0 1.577316714)
(0 0.1 1.577316714)
(0.2 0.1 1.577316714)
(0 0 1.579431243)
(0.2 0 1.579431243)
(0 0.1 1.579431243)
(0.2 0.1 1.579431243)
(0 0 1.58153513)
(0.2 0 1.58153513)
(0 0.1 1.58153513)
(0.2 0.1 1.58153513)
(0 0 1.58362843)
(0.2 0 1.58362843)
(0 0.1 1.58362843)
(0.2 0.1 1.58362843)
(0 0 1.585711195)
(0.2 0 1.585711195)
(0 0.1 1.585711195)
(0.2 0.1 1.585711195)
(0 0 1.587783478)
(0.2 0 1.587783478)
(0 0.1 1.587783478)
(0.2 0.1 1.587783478)
(0 0 1.589845333)
(0.2 0 1.589845333)
(0 0.1 1.589845333)
(0.2 0.1 1.589845333)
(0 0 1.591896811)
(0.2 0 1.591896811)
(0 0.1 1.591896811)
(0.2 0.1 1.591896811)
(0 0 1.593937965)
(0.2 0 1.593937965)
(0 0.1 1.593937965)
(0.2 0.1 1.593937965)
(0 0 1.595968847)
(0.2 0 1.595968847)
(0 0.1 1.595968847)
(0.2 0.1 1.595968847)
(0 0 1.597989508)
(0.2 0 1.597989508)
(0 0.1 1.597989508)
(0.2 0.1 1.597989508)
(0 0 1.6)
(0.2 0 1.6)
(0 0.1 1.6)
(0.2 0.1 1.6)
)


// ************************************************************************* //
