295.390
610.734
880.734
1195.734
1510.734
1780.734
2095.734
2410.734
2680.734
2995.734
3310.734
3580.734
3895.734
4210.734
4480.734
4795.734
5110.734
5380.734
5695.734
6010.734
6280.734
6595.734
6910.734
7180.734
7495.734
7810.734
8080.734
8395.734
8710.734
8980.734
9295.734
9610.734
9880.734
10195.734
10510.734
10780.734
11095.734
11410.734
11680.734
11995.734
12310.734
12580.734
12895.734
13210.734
13480.734
13795.734
14110.734
14380.734
14695.734
15010.734
15280.734
15595.734
15910.734
16180.734
16495.734
16810.734
17080.734
17395.734
17710.734
17980.734
18295.734
18610.734
18880.734
19195.734
19510.734
19780.734
20095.734
20410.734
20680.734
20995.734
21310.734
21580.734
21895.734
22210.734
22480.734
22795.734
23110.734
23380.734
23695.734
24010.734
24280.734
24595.734
24910.734
25180.734
25495.734
25810.734
26080.734
26395.734
26710.734
26980.734
27295.734
27610.734
27880.734
28195.734
28510.734
28780.734
29095.734
29410.734
29680.734
29995.734
30310.734
30580.734
30895.734
31210.734
31480.734
31795.734
32110.734
32380.734
32695.734
33010.734
33280.734
33595.734
33910.734
34180.734
34495.734
34810.734
35080.734
35395.734
35710.734
35980.734
36295.734
36610.734
36880.734
37195.734
37510.734
37780.734
38095.734
38410.734
38680.734
38995.734
39310.734
39580.734
39895.734
40210.734
40480.734
40795.734
41110.734
41380.734
41695.734
42010.734
42280.734
42595.734
42910.734
43180.734
43495.734
43810.734
44080.734
44395.734
44710.734
44980.734
45295.734
45610.734
45880.734
46195.734
46510.734
46780.734
47095.734
47410.734
47680.734
47995.734
48310.734
48580.734
48895.734
49210.734
49480.734
49795.734
50110.734
50380.734
50695.734
51010.734
51280.734
51595.734
51910.734
52180.734
52495.734
52810.734
53080.734
53395.734
53710.734
53980.734
54295.734
54610.734
54880.734
55195.734
55510.734
55780.734
56095.734
56410.734
56680.734
56995.734
57310.734
57580.734
57895.734
58210.734
58480.734
58795.734
59110.734
59380.734
59695.734
60010.734
60280.734
60595.734
60910.734
61180.734
61495.734
61810.734
62080.734
62395.734
62710.734
62980.734
63295.734
63610.734
63880.734
64195.734
64510.734
64780.734
65095.734
65410.734
65680.734
65995.734
66310.734
66580.734
66895.734
67210.734
67480.734
67795.734
68110.734
68380.734
68695.734
69010.734
69280.734
69595.734
69910.734
70180.734
70495.734
70810.734
71080.734
71395.734
71710.734
71980.734
72295.734
72610.734
72880.734
73195.734
73510.734
73780.734
74095.734
74410.734
74680.734
74995.734
75310.734
75580.734
75895.734
76210.734
76480.734
76795.734
77110.734
77380.734
77695.734
78010.734
78280.734
78595.734
78910.734
79180.734
79495.734
79810.734
80080.734
80395.734
80710.734
80980.734
81295.734
81610.734
81880.734
82195.734
82510.734
82780.734
83095.734
83410.734
83680.734
83995.734
84310.734
84580.734
84895.734
85210.734
85480.734
85795.734
86110.734
86380.734
86695.734
87010.734
87280.734
87595.734
87910.734
88180.734
88495.734
88810.734
89080.734
89395.734
89710.734
89980.734
90295.734
90610.734
90880.734
91195.734
91510.734
91780.734
92095.734
92410.734
92680.734
92995.734
93310.734
93580.734
93895.734
94210.734
94480.734
94795.734
95110.734
95380.734
95695.734
96010.734
96280.734
96595.734
96910.734
97180.734
97495.734
97810.734
98080.734
98395.734
98710.734
98980.734
99295.734
99610.734
99880.734
100195.734
100510.734
100780.734
101095.734
101410.734
101680.734
101995.734
102310.734
102580.734
102895.734
103210.734
103480.734
103795.734
104110.734
104380.734
104695.734
105010.734
105280.734
105595.734
105910.734
106180.734
106495.734
106810.734
107080.734
107395.734
107710.734
107980.734
108295.734
108610.734
108880.734
109195.734
109510.734
109780.734
110095.734
110410.734
110680.734
110995.734
111310.734
111580.734
111895.734
112210.734
112480.734
112795.734
113110.734
113380.734
113695.734
114010.734
114280.734
114595.734
114910.734
115180.734
115495.734
115810.734
116080.734
116395.734
116710.734
116980.734
117295.734
117610.734
117880.734
118195.734
118510.734
118780.734
119095.734
119410.734
119680.734
119995.734
120310.734
120580.734
120895.734
121210.734
121480.734
121795.734
122110.734
122380.734
122695.734
123010.734
123280.734
123595.734
123910.734
124180.734
124495.734
124810.734
125080.734
125395.734
125710.734
125980.734
126295.734
126610.734
126880.734
127195.734
127510.734
127780.734
128095.734
128410.734
128680.734
128995.734
129310.734
129580.734
129895.734
130210.734
130480.734
130795.734
131110.734
131380.734
131695.734
132010.734
132280.734
132595.734
132910.734
133180.734
133495.734
133810.734
134080.734
134395.734
134710.734
134980.734
135295.734
135610.734
135880.734
136195.734
136510.734
136780.734
137095.734
137410.734
137680.734
137995.734
138310.734
138580.734
138895.734
139210.734
139480.734
139795.734
140110.734
140380.734
140695.734
141010.734
141280.734
141595.734
141910.734
142180.734
142495.734
142810.734
143080.734
143395.734
143710.734
143980.734
144295.734
144610.734
144880.734
145195.734
145510.734
145780.734
146095.734
146410.734
146680.734
146995.734
147310.734
147580.734
147895.734
148210.734
148480.734
148795.734
149110.734
149380.734
149695.734
150010.734
150280.734
150595.734
150910.734
151180.734
151495.734
151810.734
152080.734
152395.734
152710.734
152980.734
153295.734
153610.734
153880.734
154195.734
154510.734
154780.734
155095.734
155410.734
155680.734
155995.734
156310.734
156580.734
156895.734
157210.734
157480.734
157795.734
158110.734
158380.734
158695.734
159010.734
159280.734
159595.734
159910.734
160180.734
160495.734
160810.734
161080.734
161395.734
161710.734
161980.734
162295.734
162610.734
162880.734
163195.734
163510.734
163780.734
164095.734
164410.734
164680.734
164995.734
165310.734
165580.734
165895.734
166210.734
166480.734
166795.734
167110.734
167380.734
167695.734
168010.734
168280.734
168595.734
168910.734
169180.734
169495.734
169810.734
170080.734
170395.734
170710.734
170980.734
171295.734
171610.734
171880.734
172195.734
172510.734
172780.734
173095.734
173410.734
173680.734
173995.734
174310.734
174580.734
174895.734
175210.734
175480.734
175795.734
176110.734
176380.734
176695.734
177010.734
177280.734
177595.734
177910.734
178180.734
178495.734
178810.734
179080.734
179395.734
179710.734
179980.734
180295.734
180610.734
180880.734
181195.734
181510.734
181780.734
182095.734
182410.734
182680.734
182995.734
183310.734
183580.734
183895.734
184210.734
184480.734
184795.734
185110.734
185380.734
185695.734
186010.734
186280.734
186595.734
186910.734
187180.734
187495.734
187810.734
188080.734
188395.734
188710.734
188980.734
189295.734
189610.734
189880.734
190195.734
190510.734
190780.734
191095.734
191410.734
191680.734
191995.734
192310.734
192580.734
192895.734
193210.734
193480.734
193795.734
194110.734
194380.734
194695.734
195010.734
195280.734
195595.734
195910.734
196180.734
196495.734
196810.734
197080.734
197395.734
197710.734
197980.734
198295.734
198610.734
198880.734
199195.734
199510.734
199780.734
200095.734
200410.734
200680.734
200995.734
201310.734
201580.734
201895.734
202210.734
202480.734
202795.734
203110.734
203380.734
203695.734
204010.734
204280.734
204595.734
204910.734
205180.734
205495.734
205810.734
206080.734
206395.734
206710.734
206980.734
207295.734
207610.734
207880.734
208195.734
208510.734
208780.734
209095.734
209410.734
209680.734
209995.734
210310.734
210580.734
210895.734
211210.734
211480.734
211795.734
212110.734
212380.734
212695.734
213010.734
213280.734
213595.734
213910.734
214180.734
214495.734
214810.734
215080.734
215395.734
215710.734
215980.734
216295.734
216610.734
216880.734
217195.734
217510.734
217780.734
218095.734
218410.734
218680.734
218995.734
219310.734
219580.734
219895.734
220210.734
220480.734
220795.734
221110.734
221380.734
221695.734
222010.734
222280.734
222595.734
222910.734
223180.734
223495.734
223810.734
224080.734
224395.734
224710.734
224980.734
225295.734
225610.734
225880.734
226195.734
226510.734
226780.734
227095.734
227410.734
227680.734
227995.734
228310.734
228580.734
228895.734
229210.734
229480.734
229795.734
230110.734
230380.734
230695.734
231010.734
231280.734
231595.734
231910.734
232180.734
232495.734
232810.734
233080.734
233395.734
233710.734
233980.734
234295.734
234610.734
234880.734
235195.734
235510.734
235780.734
236095.734
236410.734
236680.734
236995.734
237310.734
237580.734
237895.734
238210.734
238480.734
238795.734
239110.734
239380.734
239695.734
240010.734
240280.734
240595.734
240910.734
241180.734
241495.734
241810.734
242080.734
242395.734
242710.734
242980.734
243295.734
243610.734
243880.734
244195.734
244510.734
244780.734
245095.734
245410.734
245680.734
245995.734
246310.734
246580.734
246895.734
247210.734
247480.734
247795.734
248110.734
248380.734
248695.734
249010.734
249280.734
249595.734
249910.734
250180.734
250495.734
250810.734
251080.734
251395.734
251710.734
251980.734
252295.734
252610.734
252880.734
253195.734
253510.734
253780.734
254095.734
254410.734
254680.734
254995.734
255310.734
255580.734
255895.734
256210.734
256480.734
256795.734
257110.734
257380.734
257695.734
258010.734
258280.734
258595.734
258910.734
259180.734
259495.734
259810.734
260080.734
260395.734
260710.734
260980.734
261295.734
261610.734
261880.734
262195.734
262510.734
262780.734
263095.734
263410.734
263680.734
263995.734
264310.734
264580.734
264895.734
265210.734
265480.734
265795.734
266110.734
266380.734
266695.734
267010.734
267280.734
267595.734
267910.734
268180.734
268495.734
268810.734
269080.734
269395.734
269710.734
269980.734
270295.734
270610.734
270880.734
271195.734
271510.734
271780.734
272095.734
272410.734
272680.734
272995.734
273310.734
273580.734
273895.734
274210.734
274480.734
274795.734
275110.734
275380.734
275695.734
276010.734
276280.734
276595.734
276910.734
277180.734
277495.734
277810.734
278080.734
278395.734
278710.734
278980.734
279295.734
279610.734
279880.734
280195.734
280510.734
280780.734
281095.734
281410.734
281680.734
281995.734
282310.734
282580.734
282895.734
283210.734
283480.734
283795.734
284110.734
284380.734
284695.734
285010.734
285280.734
285595.734
285910.734
286180.734
286495.734
286810.734
287080.734
287395.734
287710.734
287980.734
288295.734
288610.734
288880.734
289195.734
289510.734
289780.734
290095.734
290410.734
290680.734
290995.734
291310.734
291580.734
291895.734
292210.734
292480.734
292795.734
293110.734
293380.734
293695.734
294010.734
294280.734
294595.734
294910.734
295180.734
295495.734
295810.734
296080.734
296395.734
296710.734
296980.734
297295.734
297610.734
297880.734
298195.734
298510.734
298780.734
299095.734
299410.734
299680.734
299995.734
300310.734
300580.734
300895.734
301210.734
301480.734
301795.734
302110.734
302380.734
302695.734
303010.734
303280.734
303595.734
303910.734
304180.734
304495.734
304810.734
305080.734
305395.734
305710.734
305980.734
306295.734
306610.734
306880.734
307195.734
307510.734
307780.734
308095.734
308410.734
308680.734
308995.734
309310.734
309580.734
309895.734
310210.734
310480.734
310795.734
311110.734
311380.734
311695.734
312010.734
312280.734
312595.734
312910.734
313180.734
313495.734
313810.734
314080.734
314395.734
314710.734
314980.734
315295.734
315610.734
315880.734
316195.734
316510.734
316780.734
317095.734
317410.734
317680.734
317995.734
318310.734
318580.734
318895.734
319210.734
319480.734
319795.734
320110.734
320380.734
320695.734
321010.734
321280.734
321595.734
321910.734
322180.734
322495.734
322810.734
323080.734
323395.734
323710.734
323980.734
324295.734
324610.734
324880.734
325195.734
325510.734
325780.734
326095.734
326410.734
326680.734
326995.734
327310.734
327580.734
327895.734
328210.734
328480.734
328795.734
329110.734
329380.734
329695.734
330010.734
330280.734
330595.734
330910.734
331180.734
331495.734
331810.734
332080.734
332395.734
332710.734
332980.734
333295.734
333610.734
333880.734
334195.734
334510.734
334780.734
335095.734
335410.734
335680.734
335995.734
336310.734
336580.734
336895.734
337210.734
337480.734
337795.734
338110.734
338380.734
338695.734
339010.734
339280.734
339595.734
339910.734
340180.734
340495.734
340810.734
341080.734
341395.734
341710.734
341980.734
342295.734
342610.734
342880.734
343195.734
343510.734
343780.734
344095.734
344410.734
344680.734
344995.734
345310.734
345580.734
345895.734
346210.734
346480.734
346795.734
347110.734
347380.734
347695.734
348010.734
348280.734
348595.734
348910.734
349180.734
349495.734
349810.734
350080.734
350395.734
350710.734
350980.734
351295.734
351610.734
351880.734
352195.734
352510.734
352780.734
353095.734
353410.734
353680.734
353995.734
354310.734
354580.734
354895.734
355210.734
355480.734
355795.734
356110.734
356380.734
356695.734
357010.734
357280.734
357595.734
357910.734
358180.734
358495.734
358810.734
359080.734
359395.734
359710.734
359980.734
360295.734
360610.734
360880.734
361195.734
361510.734
361780.734
362095.734
362410.734
362680.734
362995.734
363310.734
363580.734
363895.734
364210.734
364480.734
364795.734
365110.734
365380.734
365695.734
366010.734
366280.734
366595.734
366910.734
367180.734
367495.734
367810.734
368080.734
368395.734
368710.734
368980.734
369295.734
369610.734
369880.734
370195.734
370510.734
370780.734
371095.734
371410.734
371680.734
371995.734
372310.734
372580.734
372895.734
373210.734
373480.734
373795.734
374110.734
374380.734
374695.734
375010.734
375280.734
375595.734
375910.734
376180.734
376495.734
376810.734
377080.734
377395.734
377710.734
377980.734
378295.734
378610.734
378880.734
379195.734
379510.734
379780.734
380095.734
380410.734
380680.734
380995.734
381310.734
381580.734
381895.734
382210.734
382480.734
382795.734
383110.734
383380.734
383695.734
384010.734
384280.734
384595.734
384910.734
385180.734
385495.734
385810.734
386080.734
386395.734
386710.734
386980.734
387295.734
387610.734
387880.734
388195.734
388510.734
388780.734
389095.734
389410.734
389680.734
389995.734
390310.734
390580.734
390895.734
391210.734
391480.734
391795.734
392110.734
392380.734
392695.734
393010.734
393280.734
393595.734
393910.734
394180.734
394495.734
394810.734
395080.734
395395.734
395710.734
395980.734
396295.734
396610.734
396880.734
397195.734
397510.734
397780.734
398095.734
398410.734
398680.734
398995.734
399310.734
399580.734
399895.734
400210.734
400480.734
400795.734
401110.734
401380.734
401695.734
402010.734
402280.734
402595.734
402910.734
403180.734
403495.734
403810.734
404080.734
404395.734
404710.734
404980.734
405295.734
405610.734
405880.734
406195.734
406510.734
406780.734
407095.734
407410.734
407680.734
407995.734
408310.734
408580.734
408895.734
409210.734
409480.734
409795.734
410110.734
410380.734
410695.734
411010.734
411280.734
411595.734
411910.734
412180.734
412495.734
412810.734
413080.734
413395.734
413710.734
413980.734
414295.734
414610.734
414880.734
415195.734
415510.734
415780.734
416095.734
416410.734
416680.734
416995.734
417310.734
417580.734
417895.734
418210.734
418480.734
418795.734
419110.734
419380.734
419695.734
420010.734
420280.734
420595.734
420910.734
421180.734
421495.734
421810.734
422080.734
422395.734
422710.734
422980.734
423295.734
423610.734
423880.734
424195.734
424510.734
424780.734
425095.734
425410.734
425680.734
425995.734
426310.734
426580.734
426895.734
427210.734
427480.734
427795.734
428110.734
428380.734
428695.734
429010.734
429280.734
429595.734
429910.734
430180.734
430495.734
430810.734
431080.734
431395.734
431710.734
431980.734
432295.734
432610.734
432880.734
433195.734
433510.734
433780.734
434095.734
434410.734
434680.734
434995.734
435310.734
435580.734
435895.734
436210.734
436480.734
436795.734
437110.734
437380.734
437695.734
438010.734
438280.734
438595.734
438910.734
439180.734
439495.734
439810.734
440080.734
440395.734
440710.734
440980.734
441295.734
441610.734
441880.734
442195.734
442510.734
442780.734
443095.734
443410.734
443680.734
443995.734
444310.734
444580.734
444895.734
445210.734
445480.734
445795.734
446110.734
446380.734
446695.734
447010.734
447280.734
447595.734
447910.734
448180.734
448495.734
448810.734
449080.734
449395.734
449710.734
449980.734
450295.734
450610.734
450880.734
451195.734
451510.734
451780.734
452095.734
452410.734
452680.734
452995.734
453310.734
453580.734
453895.734
454210.734
454480.734
454795.734
455110.734
455380.734
455695.734
456010.734
456280.734
456595.734
456910.734
457180.734
457495.734
457810.734
458080.734
458395.734
458710.734
458980.734
459295.734
459610.734
459880.734
460195.734
460510.734
460780.734
461095.734
461410.734
461680.734
461995.734
462310.734
462580.734
462895.734
463210.734
463480.734
463795.734
464110.734
464380.734
464695.734
465010.734
465280.734
465595.734
465910.734
466180.734
466495.734
466810.734
467080.734
467395.734
467710.734
467980.734
468295.734
468610.734
468880.734
469195.734
469510.734
469780.734
470095.734
470410.734
470680.734
470995.734
471310.734
471580.734
471895.734
472210.734
472480.734
472795.734
473110.734
473380.734
473695.734
474010.734
474280.734
474595.734
474910.734
475180.734
475495.734
475810.734
476080.734
476395.734
476710.734
476980.734
477295.734
477610.734
477880.734
478195.734
478510.734
478780.734
479095.734
479410.734
479680.734
479995.734
480310.734
480580.734
480895.734
481210.734
481480.734
481795.734
482110.734
482380.734
482695.734
483010.734
483280.734
483595.734
483910.734
484180.734
484495.734
484810.734
485080.734
485395.734
485710.734
485980.734
486295.734
486610.734
486880.734
487195.734
487510.734
487780.734
488095.734
488410.734
488680.734
488995.734
489310.734
489580.734
489895.734
490210.734
490480.734
490795.734
491110.734
491380.734
491695.734
492010.734
492280.734
492595.734
492910.734
493180.734
493495.734
493810.734
494080.734
494395.734
494710.734
494980.734
495295.734
495610.734
495880.734
496195.734
496510.734
496780.734
497095.734
497410.734
497680.734
497995.734
498310.734
498580.734
498895.734
499210.734
499480.734
499795.734
500110.734
500380.734
500695.734
501010.734
501280.734
501595.734
501910.734
502180.734
502495.734
502810.734
503080.734
503395.734
503710.734
503980.734
504295.734
504610.734
504880.734
505195.734
505510.734
505780.734
506095.734
506410.734
506680.734
506995.734
507310.734
507580.734
507895.734
508210.734
508480.734
508795.734
509110.734
509380.734
509695.734
510010.734
510280.734
510595.734
510910.734
511180.734
511495.734
511810.734
512080.734
512395.734
512710.734
512980.734
513295.734
513610.734
513880.734
514195.734
514510.734
514780.734
515095.734
515410.734
515680.734
515995.734
516310.734
516580.734
516895.734
517210.734
517480.734
517795.734
518110.734
518380.734
518695.734
519010.734
519280.734
519595.734
519910.734
520180.734
520495.734
520810.734
521080.734
521395.734
521710.734
521980.734
522295.734
522610.734
522880.734
523195.734
523510.734
523780.734
524095.734
524410.734
524680.734
524995.734
525310.734
525580.734
525895.734
526210.734
526480.734
526795.734
527110.734
527380.734
527695.734
528010.734
528280.734
528595.734
528910.734
529180.734
529495.734
529810.734
530080.734
530395.734
530710.734
530980.734
531295.734
531610.734
531880.734
532195.734
532510.734
532780.734
533095.734
533410.734
533680.734
533995.734
534310.734
534580.734
534895.734
535210.734
535480.734
535795.734
536110.734
536380.734
536695.734
537010.734
537280.734
537595.734
537910.734
538180.734
538495.734
538810.734
539080.734
539395.734
539710.734
539980.734
540295.734
540610.734
540880.734
541195.734
541510.734
541780.734
542095.734
542410.734
542680.734
542995.734
543310.734
543580.734
543895.734
544210.734
544480.734
544795.734
545110.734
545380.734
545695.734
546010.734
546280.734
546595.734
546910.734
547180.734
547495.734
547810.734
548080.734
548395.734
548710.734
548980.734
549295.734
549610.734
549880.734
550195.734
550510.734
550780.734
551095.734
551410.734
551680.734
551995.734
552310.734
552580.734
552895.734
553210.734
553480.734
553795.734
554110.734
554380.734
554695.734
555010.734
555280.734
555595.734
555910.734
556180.734
556495.734
556810.734
557080.734
557395.734
557710.734
557980.734
558295.734
558610.734
558880.734
559195.734
559510.734
559780.734
560095.734
560410.734
560680.734
560995.734
561310.734
561580.734
561895.734
562210.734
562480.734
562795.734
563110.734
563380.734
563695.734
564010.734
564280.734
564595.734
564910.734
565180.734
565495.734
565810.734
566080.734
566395.734
566710.734
566980.734
567295.734
567610.734
567880.734
568195.734
568510.734
568780.734
569095.734
569410.734
569680.734
569995.734
570310.734
570580.734
570895.734
571210.734
571480.734
571795.734
572110.734
572380.734
572695.734
573010.734
573280.734
573595.734
573910.734
574180.734
574495.734
574810.734
575080.734
575395.734
575710.734
575980.734
576295.734
576610.734
576880.734
577195.734
577510.734
577780.734
578095.734
578410.734
578680.734
578995.734
579310.734
579580.734
579895.734
580210.734
580480.734
580795.734
581110.734
581380.734
581695.734
582010.734
582280.734
582595.734
582910.734
583180.734
583495.734
583810.734
584080.734
584395.734
584710.734
584980.734
585295.734
585610.734
585880.734
586195.734
586510.734
586780.734
587095.734
587410.734
587680.734
587995.734
588310.734
588580.734
588895.734
589210.734
589480.734
589795.734
590110.734
590380.734
590695.734
591010.734
591280.734
591595.734
591910.734
592180.734
592495.734
592810.734
593080.734
593395.734
593710.734
593980.734
594295.734
594610.734
594880.734
595195.734
595510.734
595780.734
596095.734
596410.734
596680.734
596995.734
597310.734
597580.734
597895.734
598210.734
598480.734
598795.734
599110.734
599380.734
599695.734
600010.734
600280.734
600595.734
600910.734
601180.734
601495.734
601810.734
602080.734
602395.734
602710.734
602980.734
603295.734
603610.734
603880.734
604195.734
604510.734
604780.734
605095.734
605410.734
605680.734
605995.734
606310.734
606580.734
606895.734
607210.734
607480.734
607795.734
608110.734
608380.734
608695.734
609010.734
609280.734
609595.734
609910.734
610180.734
610495.734
610810.734
611080.734
611395.734
611710.734
611980.734
612295.734
612610.734
612880.734
613195.734
613510.734
613780.734
614095.734
614410.734
614680.734
614995.734
615310.734
615580.734
615895.734
616210.734
616480.734
616795.734
617110.734
617380.734
617695.734
618010.734
618280.734
618595.734
618910.734
619180.734
619495.734
619810.734
620080.734
620395.734
620710.734
620980.734
621295.734
621610.734
621880.734
622195.734
622510.734
622780.734
623095.734
623410.734
623680.734
623995.734
624310.734
624580.734
624895.734
625210.734
625480.734
625795.734
626110.734
626380.734
626695.734
627010.734
627280.734
627595.734
627910.734
628180.734
628495.734
628810.734
629080.734
629395.734
629710.734
629980.734
630295.734
630610.734
630880.734
631195.734
631510.734
631780.734
632095.734
632410.734
632680.734
632995.734
633310.734
633580.734
633895.734
634210.734
634480.734
634795.734
635110.734
635380.734
635695.734
636010.734
636280.734
636595.734
636910.734
637180.734
637495.734
637810.734
638080.734
638395.734
638710.734
638980.734
639295.734
639610.734
639880.734
640195.734
640510.734
640780.734
641095.734
641410.734
641680.734
641995.734
642310.734
642580.734
642895.734
643210.734
643480.734
643795.734
644110.734
644380.734
644695.734
645010.734
645280.734
645595.734
645910.734
646180.734
646495.734
646810.734
647080.734
647395.734
647710.734
647980.734
648295.734
648610.734
648880.734
649195.734
649510.734
649780.734
650095.734
650410.734
650680.734
650995.734
651310.734
651580.734
651895.734
652210.734
652480.734
652795.734
653110.734
653380.734
653695.734
654010.734
654280.734
654595.734
654910.734
655180.734
655495.734
655810.734
656080.734
656395.734
656710.734
656980.734
657295.734
657610.734
657880.734
658195.734
658510.734
658780.734
659095.734
659410.734
659680.734
659995.734
660310.734
660580.734
660895.734
661210.734
661480.734
661795.734
662110.734
662380.734
662695.734
663010.734
663280.734
663595.734
663910.734
664180.734
664495.734
664810.734
665080.734
665395.734
665710.734
665980.734
666295.734
666610.734
666880.734
667195.734
667510.734
667780.734
668095.734
668410.734
668680.734
668995.734
669310.734
669580.734
669895.734
670210.734
670480.734
670795.734
671110.734
671380.734
671695.734
672010.734
672280.734
672595.734
672910.734
673180.734
673495.734
673810.734
674080.734
674395.734
674710.734
674980.734
675295.734
675610.734
675880.734
676195.734
676510.734
676780.734
677095.734
677410.734
677680.734
677995.734
678310.734
678580.734
678895.734
679210.734
679480.734
679795.734
680110.734
680380.734
680695.734
681010.734
681280.734
681595.734
681910.734
682180.734
682495.734
682810.734
683080.734
683395.734
683710.734
683980.734
684295.734
684610.734
684880.734
685195.734
685510.734
685780.734
686095.734
686410.734
686680.734
686995.734
687310.734
687580.734
687895.734
688210.734
688480.734
688795.734
689110.734
689380.734
689695.734
690010.734
690280.734
690595.734
690910.734
691180.734
691495.734
691810.734
692080.734
692395.734
692710.734
692980.734
693295.734
693610.734
693880.734
694195.734
694510.734
694780.734
695095.734
695410.734
695680.734
695995.734
696310.734
696580.734
696895.734
697210.734
697480.734
697795.734
698110.734
698380.734
698695.734
699010.734
699280.734
699595.734
699910.734
700180.734
700495.734
700810.734
701080.734
701395.734
701710.734
701980.734
702295.734
702610.734
702880.734
703195.734
703510.734
703780.734
704095.734
704410.734
704680.734
704995.734
705310.734
705580.734
705895.734
706210.734
706480.734
706795.734
707110.734
707380.734
707695.734
708010.734
708280.734
708595.734
708910.734
709180.734
709495.734
709810.734
710080.734
710395.734
710710.734
710980.734
711295.734
711610.734
711880.734
712195.734
712510.734
712780.734
713095.734
713410.734
713680.734
713995.734
714310.734
714580.734
714895.734
715210.734
715480.734
715795.734
716110.734
716380.734
716695.734
717010.734
717280.734
717595.734
717910.734
718180.734
718495.734
718810.734
719080.734
719395.734
719710.734
719980.734
720295.734
720610.734
720880.734
721195.734
721510.734
721780.734
722095.734
722410.734
722680.734
722995.734
723310.734
723580.734
723895.734
724210.734
724480.734
724795.734
725110.734
725380.734
725695.734
726010.734
726280.734
726595.734
726910.734
727180.734
727495.734
727810.734
728080.734
728395.734
728710.734
728980.734
729295.734
729610.734
729880.734
730195.734
730510.734
730780.734
731095.734
731410.734
731680.734
731995.734
732310.734
732580.734
732895.734
733210.734
733480.734
733795.734
734110.734
734380.734
734695.734
735010.734
735280.734
735595.734
735910.734
736180.734
736495.734
736810.734
737080.734
737395.734
737710.734
737980.734
738295.734
738610.734
738880.734
739195.734
739510.734
739780.734
740095.734
740410.734
740680.734
740995.734
741310.734
741580.734
741895.734
742210.734
742480.734
742795.734
743110.734
743380.734
743695.734
744010.734
744280.734
744595.734
744910.734
745180.734
745495.734
745810.734
746080.734
746395.734
746710.734
746980.734
747295.734
747610.734
747880.734
748195.734
748510.734
748780.734
749095.734
749410.734
749680.734
749995.734
750310.734
750580.734
750895.734
751210.734
751480.734
751795.734
752110.734
752380.734
752695.734
753010.734
753280.734
753595.734
753910.734
754180.734
754495.734
754810.734
755080.734
755395.734
755710.734
755980.734
756295.734
756610.734
756880.734
757195.734
757510.734
757780.734
758095.734
758410.734
758680.734
758995.734
759310.734
759580.734
759895.734
760210.734
760480.734
760795.734
761110.734
761380.734
761695.734
762010.734
762280.734
762595.734
762910.734
763180.734
763495.734
763810.734
764080.734
764395.734
764710.734
764980.734
765295.734
765610.734
765880.734
766195.734
766510.734
766780.734
767095.734
767410.734
767680.734
767995.734
768310.734
768580.734
768895.734
769210.734
769480.734
769795.734
770110.734
770380.734
770695.734
771010.734
771280.734
771595.734
771910.734
772180.734
772495.734
772810.734
773080.734
773395.734
773710.734
773980.734
774295.734
774610.734
774880.734
775195.734
775510.734
775780.734
776095.734
776410.734
776680.734
776995.734
777310.734
777580.734
777895.734
778210.734
778480.734
778795.734
779110.734
779380.734
779695.734
780010.734
780280.734
780595.734
780910.734
781180.734
781495.734
781810.734
782080.734
782395.734
782710.734
782980.734
783295.734
783610.734
783880.734
784195.734
784510.734
784780.734
785095.734
785410.734
785680.734
785995.734
786310.734
786580.734
786895.734
787210.734
787480.734
787795.734
788110.734
788380.734
788695.734
789010.734
789280.734
789595.734
789910.734
790180.734
790495.734
790810.734
791080.734
791395.734
791710.734
791980.734
792295.734
792610.734
792880.734
793195.734
793510.734
793780.734
794095.734
794410.734
794680.734
794995.734
795310.734
795580.734
795895.734
796210.734
796480.734
796795.734
797110.734
797380.734
797695.734
798010.734
798280.734
798595.734
798910.734
799180.734
799495.734
799810.734
800080.734
800395.734
800710.734
800980.734
801295.734
801610.734
801880.734
802195.734
802510.734
802780.734
803095.734
803410.734
803680.734
803995.734
804310.734
804580.734
804895.734
805210.734
805480.734
805795.734
806110.734
806380.734
806695.734
807010.734
807280.734
807595.734
807910.734
808180.734
808495.734
808810.734
809080.734
809395.734
809710.734
809980.734
810295.734
810610.734
810880.734
811195.734
811510.734
811780.734
812095.734
812410.734
812680.734
812995.734
813310.734
813580.734
813895.734
814210.734
814480.734
814795.734
815110.734
815380.734
815695.734
816010.734
816280.734
816595.734
816910.734
817180.734
817495.734
817810.734
818080.734
818395.734
818710.734
818980.734
819295.734
819610.734
819880.734
820195.734
820510.734
820780.734
821095.734
821410.734
821680.734
821995.734
822310.734
822580.734
822895.734
823210.734
823480.734
823795.734
824110.734
824380.734
824695.734
825010.734
825280.734
825595.734
825910.734
826180.734
826495.734
826810.734
827080.734
827395.734
827710.734
827980.734
828295.734
828610.734
828880.734
829195.734
829510.734
829780.734
830095.734
830410.734
830680.734
830995.734
831310.734
831580.734
831895.734
832210.734
832480.734
832795.734
833110.734
833380.734
833695.734
834010.734
834280.734
834595.734
834910.734
835180.734
835495.734
835810.734
836080.734
836395.734
836710.734
836980.734
837295.734
837610.734
837880.734
838195.734
838510.734
838780.734
839095.734
839410.734
839680.734
839995.734
840310.734
840580.734
840895.734
841210.734
841480.734
841795.734
842110.734
842380.734
842695.734
843010.734
843280.734
843595.734
843910.734
844180.734
844495.734
844810.734
845080.734
845395.734
845710.734
845980.734
846295.734
846610.734
846880.734
847195.734
847510.734
847780.734
848095.734
848410.734
848680.734
848995.734
849310.734
849580.734
849895.734
850210.734
850480.734
850795.734
851110.734
851380.734
851695.734
852010.734
852280.734
852595.734
852910.734
853180.734
853495.734
853810.734
854080.734
854395.734
854710.734
854980.734
855295.734
855610.734
855880.734
856195.734
856510.734
856780.734
857095.734
857410.734
857680.734
857995.734
858310.734
858580.734
858895.734
859210.734
859480.734
859795.734
860110.734
860380.734
860695.734
861010.734
861280.734
861595.734
861910.734
862180.734
862495.734
862810.734
863080.734
863395.734
863710.734
863980.734
864295.734
864610.734
864880.734
865195.734
865510.734
865780.734
866095.734
866410.734
866680.734
866995.734
867310.734
867580.734
867895.734
868210.734
868480.734
868795.734
869110.734
869380.734
869695.734
870010.734
870280.734
870595.734
870910.734
871180.734
871495.734
871810.734
872080.734
872395.734
872710.734
872980.734
873295.734
873610.734
873880.734
874195.734
874510.734
874780.734
875095.734
875410.734
875680.734
875995.734
876310.734
876580.734
876895.734
877210.734
877480.734
877795.734
878110.734
878380.734
878695.734
879010.734
879280.734
879595.734
879910.734
880180.734
880495.734
880810.734
881080.734
881395.734
881710.734
881980.734
882295.734
882610.734
882880.734
883195.734
883510.734
883780.734
884095.734
884410.734
884680.734
884995.734
885310.734
885580.734
885895.734
886210.734
886480.734
886795.734
887110.734
887380.734
887695.734
888010.734
888280.734
888595.734
888910.734
889180.734
889495.734
889810.734
890080.734
890395.734
890710.734
890980.734
891295.734
891610.734
891880.734
892195.734
892510.734
892780.734
893095.734
893410.734
893680.734
893995.734
894310.734
894580.734
894895.734
895210.734
895480.734
895795.734
896110.734
896380.734
896695.734
897010.734
897280.734
897595.734
897910.734
898180.734
898495.734
898810.734
899080.734
899395.734
899710.734
899980.734
900295.734
900610.734
900880.734
901195.734
901510.734
901780.734
902095.734
902410.734
902680.734
902995.734
903310.734
903580.734
903895.734
904210.734
904480.734
904795.734
905110.734
905380.734
905695.734
906010.734
906280.734
906595.734
906910.734
907180.734
907495.734
907810.734
908080.734
908395.734
908710.734
908980.734
909295.734
909610.734
909880.734
910195.734
910510.734
910780.734
911095.734
911410.734
911680.734
911995.734
912310.734
912580.734
912895.734
913210.734
913480.734
913795.734
914110.734
914380.734
914695.734
915010.734
915280.734
915595.734
915910.734
916180.734
916495.734
916810.734
917080.734
917395.734
917710.734
917980.734
918295.734
918610.734
918880.734
919195.734
919510.734
919780.734
920095.734
920410.734
920680.734
920995.734
921310.734
921580.734
921895.734
922210.734
922480.734
922795.734
923110.734
923380.734
923695.734
924010.734
924280.734
924595.734
924910.734
925180.734
925495.734
925810.734
926080.734
926395.734
926710.734
926980.734
927295.734
927610.734
927880.734
928195.734
928510.734
928780.734
929095.734
929410.734
929680.734
929995.734
930310.734
930580.734
930895.734
931210.734
931480.734
931795.734
932110.734
932380.734
932695.734
933010.734
933280.734
933595.734
933910.734
934180.734
934495.734
934810.734
935080.734
935395.734
935710.734
935980.734
936295.734
936610.734
936880.734
937195.734
937510.734
937780.734
938095.734
938410.734
938680.734
938995.734
939310.734
939580.734
939895.734
940210.734
940480.734
940795.734
941110.734
941380.734
941695.734
942010.734
942280.734
942595.734
942910.734
943180.734
943495.734
943810.734
944080.734
944395.734
944710.734
944980.734
945295.734
945610.734
945880.734
946195.734
946510.734
946780.734
947095.734
947410.734
947680.734
947995.734
948310.734
948580.734
948895.734
949210.734
949480.734
949795.734
950110.734
950380.734
950695.734
951010.734
951280.734
951595.734
951910.734
952180.734
952495.734
952810.734
953080.734
953395.734
953710.734
953980.734
954295.734
954610.734
954880.734
955195.734
955510.734
955780.734
956095.734
956410.734
956680.734
956995.734
957310.734
957580.734
957895.734
958210.734
958480.734
958795.734
959110.734
959380.734
959695.734
960010.734
960280.734
960595.734
960910.734
961180.734
961495.734
961810.734
962080.734
962395.734
962710.734
962980.734
963295.734
963610.734
963880.734
964195.734
964510.734
964780.734
965095.734
965410.734
965680.734
965995.734
966310.734
966580.734
966895.734
967210.734
967480.734
967795.734
968110.734
968380.734
968695.734
969010.734
969280.734
969595.734
969910.734
970180.734
970495.734
970810.734
971080.734
971395.734
971710.734
971980.734
972295.734
972610.734
972880.734
973195.734
973510.734
973780.734
974095.734
974410.734
974680.734
974995.734
975310.734
975580.734
975895.734
976210.734
976480.734
976795.734
977110.734
977380.734
977695.734
978010.734
978280.734
978595.734
978910.734
979180.734
979495.734
979810.734
980080.734
980395.734
980710.734
980980.734
981295.734
981610.734
981880.734
982195.734
982510.734
982780.734
983095.734
983410.734
983680.734
983995.734
984310.734
984580.734
984895.734
985210.734
985480.734
985795.734
986110.734
986380.734
986695.734
987010.734
987280.734
987595.734
987910.734
988180.734
988495.734
988810.734
989080.734
989395.734
989710.734
989980.734
990295.734
990610.734
990880.734
991195.734
991510.734
991780.734
992095.734
992410.734
992680.734
992995.734
993310.734
993580.734
993895.734
994210.734
994480.734
994795.734
995110.734
995380.734
995695.734
996010.734
996280.734
996595.734
996910.734
997180.734
997495.734
997810.734
998080.734
998395.734
998710.734
998980.734
999295.734
999610.734
999880.734
1000195.734
1000510.734
1000780.734
1001095.734
1001410.734
1001680.734
1001995.734
1002310.734
1002580.734
1002895.734
1003210.734
1003480.734
1003795.734
1004110.734
1004380.734
1004695.734
1005010.734
1005280.734
1005595.734
1005910.734
1006180.734
1006495.734
1006810.734
1007080.734
1007395.734
1007710.734
1007980.734
1008295.734
1008610.734
1008880.734
1009195.734
1009510.734
1009780.734
1010095.734
1010410.734
1010680.734
1010995.734
1011310.734
1011580.734
1011895.734
1012210.734
1012480.734
1012795.734
1013110.734
1013380.734
1013695.734
1014010.734
1014280.734
1014595.734
1014910.734
1015180.734
1015495.734
1015810.734
1016080.734
1016395.734
1016710.734
1016980.734
1017295.734
1017610.734
1017880.734
1018195.734
1018510.734
1018780.734
1019095.734
1019410.734
1019680.734
1019995.734
1020310.734
1020580.734
1020895.734
1021210.734
1021480.734
1021795.734
1022110.734
1022380.734
1022695.734
1023010.734
1023280.734
1023595.734
1023910.734
1024180.734
1024495.734
1024810.734
1025080.734
1025395.734
1025710.734
1025980.734
1026295.734
1026610.734
1026880.734
1027195.734
1027510.734
1027780.734
1028095.734
1028410.734
1028680.734
1028995.734
1029310.734
1029580.734
1029895.734
1030210.734
1030480.734
1030795.734
1031110.734
1031380.734
1031695.734
1032010.734
1032280.734
1032595.734
1032910.734
1033180.734
1033495.734
1033810.734
1034080.734
1034395.734
1034710.734
1034980.734
1035295.734
1035610.734
1035880.734
1036195.734
1036510.734
1036780.734
1037095.734
1037410.734
1037680.734
1037995.734
1038310.734
1038580.734
1038895.734
1039210.734
1039480.734
1039795.734
1040110.734
1040380.734
1040695.734
1041010.734
1041280.734
1041595.734
1041910.734
1042180.734
1042495.734
1042810.734
1043080.734
1043395.734
1043710.734
1043980.734
1044295.734
1044610.734
1044880.734
1045195.734
1045510.734
1045780.734
1046095.734
1046410.734
1046680.734
1046995.734
1047310.734
1047580.734
1047895.734
1048210.734
1048480.734
1048795.734
1049110.734
1049380.734
1049695.734
1050010.734
1050280.734
1050595.734
1050910.734
1051180.734
1051495.734
1051810.734
1052080.734
1052395.734
1052710.734
1052980.734
1053295.734
1053610.734
1053880.734
1054195.734
1054510.734
1054780.734
1055095.734
1055410.734
1055680.734
1055995.734
1056310.734
1056580.734
1056895.734
1057210.734
1057480.734
1057795.734
1058110.734
1058380.734
1058695.734
1059010.734
1059280.734
1059595.734
1059910.734
1060180.734
1060495.734
1060810.734
1061080.734
1061395.734
1061710.734
1061980.734
1062295.734
1062610.734
1062880.734
1063195.734
1063510.734
1063780.734
1064095.734
1064410.734
1064680.734
1064995.734
1065310.734
1065580.734
1065895.734
1066210.734
1066480.734
1066795.734
1067110.734
1067380.734
1067695.734
1068010.734
1068280.734
1068595.734
1068910.734
1069180.734
1069495.734
1069810.734
1070080.734
1070395.734
1070710.734
1070980.734
1071295.734
1071610.734
1071880.734
1072195.734
1072510.734
1072780.734
1073095.734
1073410.734
1073680.734
1073995.734
1074310.734
1074580.734
1074895.734
1075210.734
1075480.734
1075795.734
1076110.734
1076380.734
1076695.734
1077010.734
1077280.734
1077595.734
1077910.734
1078180.734
1078495.734
1078810.734
1079080.734
1079395.734
1079710.734
1079980.734
1080295.734
1080610.734
1080880.734
1081195.734
1081510.734
1081780.734
1082095.734
1082410.734
1082680.734
1082995.734
1083310.734
1083580.734
1083895.734
1084210.734
1084480.734
1084795.734
1085110.734
1085380.734
1085695.734
1086010.734
1086280.734
1086595.734
1086910.734
1087180.734
1087495.734
1087810.734
1088080.734
1088395.734
1088710.734
1088980.734
1089295.734
1089610.734
1089880.734
1090195.734
1090510.734
1090780.734
1091095.734
1091410.734
1091680.734
1091995.734
1092310.734
1092580.734
1092895.734
1093210.734
1093480.734
1093795.734
1094110.734
1094380.734
1094695.734
1095010.734
1095280.734
1095595.734
1095910.734
1096180.734
1096495.734
1096810.734
1097080.734
1097395.734
1097710.734
1097980.734
1098295.734
1098610.734
1098880.734
1099195.734
1099510.734
1099780.734
1100095.734
1100410.734
1100680.734
1100995.734
1101310.734
1101580.734
1101895.734
1102210.734
1102480.734
1102795.734
1103110.734
1103380.734
1103695.734
1104010.734
1104280.734
1104595.734
1104910.734
1105180.734
1105495.734
1105810.734
1106080.734
1106395.734
1106710.734
1106980.734
1107295.734
1107610.734
1107880.734
1108195.734
1108510.734
1108780.734
1109095.734
1109410.734
1109680.734
1109995.734
1110310.734
1110580.734
1110895.734
1111210.734
1111480.734
1111795.734
1112110.734
1112380.734
1112695.734
1113010.734
1113280.734
1113595.734
1113910.734
1114180.734
1114495.734
1114810.734
1115080.734
1115395.734
1115710.734
1115980.734
1116295.734
1116610.734
1116880.734
1117195.734
1117510.734
1117780.734
1118095.734
1118410.734
1118680.734
1118995.734
1119310.734
1119580.734
1119895.734
1120210.734
1120480.734
1120795.734
1121110.734
1121380.734
1121695.734
1122010.734
1122280.734
1122595.734
1122910.734
1123180.734
1123495.734
1123810.734
1124080.734
1124395.734
1124710.734
1124980.734
1125295.734
1125610.734
1125880.734
1126195.734
1126510.734
1126780.734
1127095.734
1127410.734
1127680.734
1127995.734
1128310.734
1128580.734
1128895.734
1129210.734
1129480.734
1129795.734
1130110.734
1130380.734
1130695.734
1131010.734
1131280.734
1131595.734
1131910.734
1132180.734
1132495.734
1132810.734
1133080.734
1133395.734
1133710.734
1133980.734
1134295.734
1134610.734
1134880.734
1135195.734
1135510.734
1135780.734
1136095.734
1136410.734
1136680.734
1136995.734
1137310.734
1137580.734
1137895.734
1138210.734
1138480.734
1138795.734
1139110.734
1139380.734
1139695.734
1140010.734
1140280.734
1140595.734
1140910.734
1141180.734
1141495.734
1141810.734
1142080.734
1142395.734
1142710.734
1142980.734
1143295.734
1143610.734
1143880.734
1144195.734
1144510.734
1144780.734
1145095.734
1145410.734
1145680.734
1145995.734
1146310.734
1146580.734
1146895.734
1147210.734
1147480.734
1147795.734
1148110.734
1148380.734
1148695.734
1149010.734
1149280.734
1149595.734
1149910.734
1150180.734
1150495.734
1150810.734
1151080.734
1151395.734
1151710.734
1151980.734
1152295.734
1152610.734
1152880.734
1153195.734
1153510.734
1153780.734
1154095.734
1154410.734
1154680.734
1154995.734
1155310.734
1155580.734
1155895.734
1156210.734
1156480.734
1156795.734
1157110.734
1157380.734
1157695.734
1158010.734
1158280.734
1158595.734
1158910.734
1159180.734
1159495.734
1159810.734
1160080.734
1160395.734
1160710.734
1160980.734
1161295.734
1161610.734
1161880.734
1162195.734
1162510.734
1162780.734
1163095.734
1163410.734
1163680.734
1163995.734
1164310.734
1164580.734
1164895.734
1165210.734
1165480.734
1165795.734
1166110.734
1166380.734
1166695.734
1167010.734
1167280.734
1167595.734
1167910.734
1168180.734
1168495.734
1168810.734
1169080.734
1169395.734
1169710.734
1169980.734
1170295.734
1170610.734
1170880.734
1171195.734
1171510.734
1171780.734
1172095.734
1172410.734
1172680.734
1172995.734
1173310.734
1173580.734
1173895.734
1174210.734
1174480.734
1174795.734
1175110.734
1175380.734
1175695.734
1176010.734
1176280.734
1176595.734
1176910.734
1177180.734
1177495.734
1177810.734
1178080.734
1178395.734
1178710.734
1178980.734
1179295.734
1179610.734
1179880.734
1180195.734
1180510.734
1180780.734
1181095.734
1181410.734
1181680.734
1181995.734
1182310.734
1182580.734
1182895.734
1183210.734
1183480.734
1183795.734
1184110.734
1184380.734
1184695.734
1185010.734
1185280.734
1185595.734
1185910.734
1186180.734
1186495.734
1186810.734
1187080.734
1187395.734
1187710.734
1187980.734
1188295.734
1188610.734
1188880.734
1189195.734
1189510.734
1189780.734
1190095.734
1190410.734
1190680.734
1190995.734
1191310.734
1191580.734
1191895.734
1192210.734
1192480.734
1192795.734
1193110.734
1193380.734
1193695.734
1194010.734
1194280.734
1194595.734
1194910.734
1195180.734
1195495.734
1195810.734
1196080.734
1196395.734
1196710.734
1196980.734
1197295.734
1197610.734
1197880.734
1198195.734
1198510.734
1198780.734
1199095.734
1199410.734
1199680.734
1199995.734
1200310.734
1200580.734
1200895.734
1201210.734
1201480.734
1201795.734
1202110.734
1202380.734
1202695.734
1203010.734
1203280.734
1203595.734
1203910.734
1204180.734
1204495.734
1204810.734
1205080.734
1205395.734
1205710.734
1205980.734
1206295.734
1206610.734
1206880.734
1207195.734
1207510.734
1207780.734
1208095.734
1208410.734
1208680.734
1208995.734
1209310.734
1209580.734
1209895.734
1210210.734
1210480.734
1210795.734
1211110.734
1211380.734
1211695.734
1212010.734
1212280.734
1212595.734
1212910.734
1213180.734
1213495.734
1213810.734
1214080.734
1214395.734
1214710.734
1214980.734
1215295.734
1215610.734
1215880.734
1216195.734
1216510.734
1216780.734
1217095.734
1217410.734
1217680.734
1217995.734
1218310.734
1218580.734
1218895.734
1219210.734
1219480.734
1219795.734
1220110.734
1220380.734
1220695.734
1221010.734
1221280.734
1221595.734
1221910.734
1222180.734
1222495.734
1222810.734
1223080.734
1223395.734
1223710.734
1223980.734
1224295.734
1224610.734
1224880.734
1225195.734
1225510.734
1225780.734
1226095.734
1226410.734
1226680.734
1226995.734
1227310.734
1227580.734
1227895.734
1228210.734
1228480.734
1228795.734
1229110.734
1229380.734
1229695.734
1230010.734
1230280.734
1230595.734
1230910.734
1231180.734
1231495.734
1231810.734
1232080.734
1232395.734
1232710.734
1232980.734
1233295.734
1233610.734
1233880.734
1234195.734
1234510.734
1234780.734
1235095.734
1235410.734
1235680.734
1235995.734
1236310.734
1236580.734
1236895.734
1237210.734
1237480.734
1237795.734
1238110.734
1238380.734
1238695.734
1239010.734
1239280.734
1239595.734
1239910.734
1240180.734
1240495.734
1240810.734
1241080.734
1241395.734
1241710.734
1241980.734
1242295.734
1242610.734
1242880.734
1243195.734
1243510.734
1243780.734
1244095.734
1244410.734
1244680.734
1244995.734
1245310.734
1245580.734
1245895.734
1246210.734
1246480.734
1246795.734
1247110.734
1247380.734
1247695.734
1248010.734
1248280.734
1248595.734
1248910.734
1249180.734
1249495.734
1249810.734
1250080.734
1250395.734
1250710.734
1250980.734
1251295.734
1251610.734
1251880.734
1252195.734
1252510.734
1252780.734
1253095.734
1253410.734
1253680.734
1253995.734
1254310.734
1254580.734
1254895.734
1255210.734
1255480.734
1255795.734
1256110.734
1256380.734
1256695.734
1257010.734
1257280.734
1257595.734
1257910.734
1258180.734
1258495.734
1258810.734
1259080.734
1259395.734
1259710.734
1259980.734
1260295.734
1260610.734
1260880.734
1261195.734
1261510.734
1261780.734
1262095.734
1262410.734
1262680.734
1262995.734
1263310.734
1263580.734
1263895.734
1264210.734
1264480.734
1264795.734
1265110.734
1265380.734
1265695.734
1266010.734
1266280.734
1266595.734
1266910.734
1267180.734
1267495.734
1267810.734
1268080.734
1268395.734
1268710.734
1268980.734
1269295.734
1269610.734
1269880.734
1270195.734
1270510.734
1270780.734
1271095.734
1271410.734
1271680.734
1271995.734
1272310.734
1272580.734
1272895.734
1273210.734
1273480.734
1273795.734
1274110.734
1274380.734
1274695.734
1275010.734
1275280.734
1275595.734
1275910.734
1276180.734
1276495.734
1276810.734
1277080.734
1277395.734
1277710.734
1277980.734
1278295.734
1278610.734
1278880.734
1279195.734
1279510.734
1279780.734
1280095.734
1280410.734
1280680.734
1280995.734
1281310.734
1281580.734
1281895.734
1282210.734
1282480.734
1282795.734
1283110.734
1283380.734
1283695.734
1284010.734
1284280.734
1284595.734
1284910.734
1285180.734
1285495.734
1285810.734
1286080.734
1286395.734
1286710.734
1286980.734
1287295.734
1287610.734
1287880.734
1288195.734
1288510.734
1288780.734
1289095.734
1289410.734
1289680.734
1289995.734
1290310.734
1290580.734
1290895.734
1291210.734
1291480.734
1291795.734
1292110.734
1292380.734
1292695.734
1293010.734
1293280.734
1293595.734
1293910.734
1294180.734
1294495.734
1294810.734
1295080.734
1295395.734
1295710.734
1295980.734
1296295.734
1296610.734
1296880.734
1297195.734
1297510.734
1297780.734
1298095.734
1298410.734
1298680.734
1298995.734
1299310.734
1299580.734
1299895.734
1300210.734
1300480.734
1300795.734
1301110.734
1301380.734
1301695.734
1302010.734
1302280.734
1302595.734
1302910.734
1303180.734
1303495.734
1303810.734
1304080.734
1304395.734
1304710.734
1304935.734
1305205.734
1305520.734
1305835.734
1306105.734
1306420.734
1306735.734
1307005.734
1307320.734
1307635.734
1307905.734
1308220.734
1308535.734
1308805.734
1309120.734
1309435.734
1309705.734
1310020.734
1310335.734
1310605.734
1310920.734
1311235.734
1311505.734
1311820.734
1312135.734
1312405.734
1312720.734
1313035.734
1313305.734
1313620.734
1313935.734
1314205.734
1314520.734
1314835.734
1315105.734
1315420.734
1315735.734
1316005.734
1316320.734
1316635.734
1316905.734
1317220.734
1317535.734
1317805.734
1318120.734
1318435.734
1318705.734
1319020.734
1319335.734
1319605.734
1319920.734
1320235.734
1320505.734
1320820.734
1321135.734
1321405.734
1321720.734
1322035.734
1322305.734
1322620.734
1322935.734
1323205.734
1323520.734
1323835.734
1324105.734
1324420.734
1324735.734
1325005.734
1325320.734
1325635.734
1325905.734
1326220.734
1326535.734
1326805.734
1327120.734
1327435.734
1327705.734
1328020.734
1328335.734
1328605.734
1328920.734
1329235.734
1329505.734
1329820.734
1330135.734
1330405.734
1330720.734
1331035.734
1331305.734
1331620.734
1331935.734
1332205.734
1332520.734
1332835.734
1333105.734
1333420.734
1333735.734
1334005.734
1334320.734
1334635.734
1334905.734
1335220.734
1335535.734
1335805.734
1336120.734
1336435.734
1336705.734
1337020.734
1337335.734
1337605.734
1337920.734
1338235.734
1338505.734
1338820.734
1339135.734
1339405.734
1339720.734
1340035.734
1340305.734
1340620.734
1340935.734
1341205.734
1341520.734
1341835.734
1342105.734
1342420.734
1342735.734
1343005.734
1343320.734
1343635.734
1343905.734
1344220.734
1344535.734
1344805.734
1345120.734
1345435.734
1345705.734
1346020.734
1346335.734
1346605.734
1346920.734
1347235.734
1347505.734
1347820.734
1348135.734
1348405.734
1348720.734
1349035.734
1349305.734
1349620.734
1349935.734
1350205.734
1350520.734
1350835.734
1351105.734
1351420.734
1351735.734
1352005.734
1352320.734
1352635.734
1352905.734
1353220.734
1353535.734
1353805.734
1354120.734
1354435.734
1354705.734
1355020.734
1355335.734
1355605.734
1355920.734
1356235.734
1356505.734
1356820.734
1357135.734
1357405.734
1357720.734
1358035.734
1358305.734
1358620.734
1358935.734
1359205.734
1359520.734
1359835.734
1360105.734
1360420.734
1360735.734
1361005.734
1361320.734
1361635.734
1361905.734
1362220.734
1362535.734
1362805.734
1363120.734
1363435.734
1363705.734
1364020.734
1364335.734
1364605.734
1364920.734
1365235.734
1365505.734
1365820.734
1366135.734
1366405.734
1366720.734
1367035.734
1367305.734
1367620.734
1367935.734
1368205.734
1368520.734
1368835.734
1369105.734
1369420.734
1369735.734
1370005.734
1370320.734
1370635.734
1370905.734
1371220.734
1371535.734
1371805.734
1372120.734
1372435.734
1372705.734
1373020.734
1373335.734
1373605.734
1373920.734
1374235.734
1374505.734
1374820.734
1375135.734
1375405.734
1375720.734
1376035.734
1376305.734
1376620.734
1376935.734
1377205.734
1377520.734
1377835.734
1378105.734
1378420.734
1378735.734
1379005.734
1379320.734
1379635.734
1379905.734
1380220.734
1380535.734
1380805.734
1381120.734
1381435.734
1381705.734
1382020.734
1382335.734
1382605.734
1382920.734
1383235.734
1383505.734
1383820.734
1384135.734
1384405.734
1384720.734
1385035.734
1385305.734
1385620.734
1385935.734
1386205.734
1386520.734
1386835.734
1387105.734
1387420.734
1387735.734
1388005.734
1388320.734
1388635.734
1388905.734
1389220.734
1389535.734
1389805.734
1390120.734
1390435.734
1390705.734
1391020.734
1391335.734
1391605.734
1391920.734
1392235.734
1392505.734
1392820.734
1393135.734
1393405.734
1393720.734
1394035.734
1394305.734
1394620.734
1394935.734
1395205.734
1395520.734
1395835.734
1396105.734
1396420.734
1396735.734
1397005.734
1397320.734
1397635.734
1397905.734
1398220.734
1398535.734
1398805.734
1399120.734
1399435.734
1399705.734
1400020.734
1400335.734
1400605.734
1400920.734
1401235.734
1401505.734
1401820.734
1402135.734
1402405.734
1402720.734
1403035.734
1403305.734
1403620.734
1403935.734
1404205.734
1404520.734
1404835.734
1405105.734
1405420.734
1405735.734
1406005.734
1406320.734
1406635.734
1406905.734
1407220.734
1407535.734
1407805.734
1408120.734
1408435.734
1408705.734
1409020.734
1409335.734
1409605.734
1409920.734
1410235.734
1410505.734
1410820.734
1411135.734
1411405.734
1411720.734
1412035.734
1412305.734
1412620.734
1412935.734
1413205.734
1413520.734
1413835.734
1414105.734
1414420.734
1414735.734
1415005.734
1415320.734
1415635.734
1415905.734
1416220.734
1416535.734
1416805.734
1417120.734
1417435.734
1417705.734
1418020.734
1418335.734
1418605.734
1418920.734
1419235.734
1419505.734
1419820.734
1420135.734
1420405.734
1420720.734
1421035.734
1421305.734
1421620.734
1421935.734
1422205.734
1422520.734
1422835.734
1423105.734
1423420.734
1423735.734
1424005.734
1424320.734
1424635.734
1424905.734
1425220.734
1425535.734
1425805.734
1426120.734
1426435.734
1426705.734
1427020.734
1427335.734
1427605.734
1427920.734
1428235.734
1428505.734
1428820.734
1429135.734
1429405.734
1429720.734
1430035.734
1430305.734
1430620.734
1430935.734
1431205.734
1431520.734
1431835.734
1432105.734
1432420.734
1432735.734
1433005.734
1433320.734
1433635.734
1433905.734
1434220.734
1434535.734
1434805.734
1435120.734
1435435.734
1435705.734
1436020.734
1436335.734
1436605.734
1436920.734
1437235.734
1437505.734
1437820.734
1438135.734
1438405.734
1438720.734
1439035.734
1439305.734
1439620.734
1439935.734
1440205.734
1440520.734
1440835.734
1441105.734
1441420.734
1441735.734
1442005.734
1442320.734
1442635.734
1442905.734
1443220.734
1443535.734
1443805.734
1444120.734
1444435.734
1444705.734
1445020.734
1445335.734
1445605.734
1445920.734
1446235.734
1446505.734
1446820.734
1447135.734
1447405.734
1447720.734
1448035.734
1448305.734
1448620.734
1448935.734
1449205.734
1449520.734
1449835.734
1450105.734
1450420.734
1450735.734
1451005.734
1451320.734
1451635.734
1451905.734
1452220.734
1452535.734
1452805.734
1453120.734
1453435.734
1453705.734
1454020.734
1454335.734
1454605.734
1454920.734
1455235.734
1455505.734
1455820.734
1456135.734
1456405.734
1456720.734
1457035.734
1457305.734
1457620.734
1457935.734
1458205.734
1458520.734
1458835.734
1459105.734
1459420.734
1459735.734
1460005.734
1460320.734
1460635.734
1460905.734
1461220.734
1461535.734
1461805.734
1462120.734
1462435.734
1462705.734
1463020.734
1463335.734
1463605.734
1463920.734
1464235.734
1464505.734
1464820.734
1465135.734
1465405.734
1465720.734
1466035.734
1466305.734
1466620.734
1466935.734
1467205.734
1467520.734
1467835.734
1468105.734
1468420.734
1468735.734
1469005.734
1469320.734
1469635.734
1469905.734
1470220.734
1470535.734
1470805.734
1471120.734
1471435.734
1471705.734
1472020.734
1472335.734
1472605.734
1472920.734
1473235.734
1473505.734
1473820.734
1474135.734
1474405.734
1474720.734
1475035.734
1475305.734
1475620.734
1475935.734
1476205.734
1476520.734
1476835.734
1477105.734
1477420.734
1477735.734
1478005.734
1478320.734
1478635.734
1478905.734
1479220.734
1479535.734
1479805.734
1480120.734
1480435.734
1480705.734
1481020.734
1481335.734
1481605.734
1481920.734
1482235.734
1482505.734
1482820.734
1483135.734
1483405.734
1483720.734
1484035.734
1484305.734
1484620.734
1484935.734
1485205.734
1485520.734
1485835.734
1486105.734
1486420.734
1486735.734
1487005.734
1487320.734
1487635.734
1487905.734
1488220.734
1488535.734
1488805.734
1489120.734
1489435.734
1489705.734
1490020.734
1490335.734
1490605.734
1490920.734
1491235.734
1491505.734
1491820.734
1492135.734
1492405.734
1492720.734
1493035.734
1493305.734
1493620.734
1493935.734
1494205.734
1494520.734
1494835.734
1495105.734
1495420.734
1495735.734
1496005.734
1496320.734
1496635.734
1496905.734
1497220.734
1497535.734
1497805.734
1498120.734
1498435.734
1498705.734
1499020.734
1499335.734
1499605.734
1499920.734
1500235.734
1500505.734
1500820.734
1501135.734
1501405.734
1501720.734
1502035.734
1502305.734
1502620.734
1502935.734
1503205.734
1503520.734
1503835.734
1504105.734
1504420.734
1504735.734
1505005.734
1505320.734
1505635.734
1505905.734
1506220.734
1506535.734
1506805.734
1507120.734
1507435.734
1507705.734
1508020.734
1508335.734
1508605.734
1508920.734
1509235.734
1509505.734
1509820.734
1510135.734
1510405.734
1510720.734
1511035.734
1511305.734
1511620.734
1511935.734
1512205.734
1512520.734
1512835.734
1513105.734
1513420.734
1513735.734
1514005.734
1514320.734
1514635.734
1514905.734
1515220.734
1515535.734
1515805.734
1516120.734
1516435.734
1516705.734
1517020.734
1517335.734
1517605.734
1517920.734
1518235.734
1518505.734
1518820.734
1519135.734
1519405.734
1519720.734
1520035.734
1520305.734
1520620.734
1520935.734
1521205.734
1521520.734
1521835.734
1522105.734
1522420.734
1522735.734
1523005.734
1523320.734
1523635.734
1523905.734
1524220.734
1524535.734
1524805.734
1525120.734
1525435.734
1525705.734
1526020.734
1526335.734
1526605.734
1526920.734
1527235.734
1527505.734
1527820.734
1528135.734
1528405.734
1528720.734
1529035.734
1529305.734
1529620.734
1529935.734
1530205.734
1530520.734
1530835.734
1531105.734
1531420.734
1531735.734
1532005.734
1532320.734
1532635.734
1532905.734
1533220.734
1533535.734
1533805.734
1534120.734
1534435.734
1534705.734
1535020.734
1535335.734
1535605.734
1535920.734
1536235.734
1536505.734
1536820.734
1537135.734
1537405.734
1537720.734
1538035.734
1538305.734
1538620.734
1538935.734
1539205.734
1539520.734
1539835.734
1540105.734
1540420.734
1540735.734
1541005.734
1541320.734
1541635.734
1541905.734
1542220.734
1542535.734
1542805.734
1543120.734
1543435.734
1543705.734
1544020.734
1544335.734
1544605.734
1544920.734
1545235.734
1545505.734
1545820.734
1546135.734
1546405.734
1546720.734
1547035.734
1547305.734
1547620.734
1547935.734
1548205.734
1548520.734
1548835.734
1549105.734
1549420.734
1549735.734
1550005.734
1550320.734
1550635.734
1550905.734
1551220.734
1551535.734
1551805.734
1552120.734
1552435.734
1552705.734
1553020.734
1553335.734
1553605.734
1553920.734
1554235.734
1554505.734
1554820.734
1555135.734
1555405.734
1555720.734
1556035.734
1556305.734
1556620.734
1556935.734
1557205.734
1557520.734
1557835.734
1558105.734
1558420.734
1558735.734
1559005.734
1559320.734
1559635.734
1559905.734
1560220.734
1560535.734
1560805.734
1561120.734
1561435.734
1561705.734
1562020.734
1562335.734
1562605.734
1562920.734
1563235.734
1563505.734
1563820.734
1564135.734
1564405.734
1564720.734
1565035.734
1565305.734
1565620.734
1565935.734
1566205.734
1566520.734
1566835.734
1567105.734
1567420.734
1567735.734
1568005.734
1568320.734
1568635.734
1568905.734
1569220.734
1569535.734
1569805.734
1570120.734
1570435.734
1570705.734
1571020.734
1571335.734
1571605.734
1571920.734
1572235.734
1572505.734
1572820.734
1573135.734
1573405.734
1573720.734
1574035.734
1574305.734
1574620.734
1574935.734
1575205.734
1575520.734
1575835.734
1576105.734
1576420.734
1576735.734
1577005.734
1577320.734
1577635.734
1577905.734
1578220.734
1578535.734
1578805.734
1579120.734
1579435.734
1579705.734
1580020.734
1580335.734
1580605.734
1580920.734
1581235.734
1581505.734
1581820.734
1582135.734
1582405.734
1582720.734
1583035.734
1583305.734
1583620.734
1583935.734
1584205.734
1584520.734
1584835.734
1585105.734
1585420.734
1585735.734
1586005.734
1586320.734
1586635.734
1586905.734
1587220.734
1587535.734
1587805.734
1588120.734
1588435.734
1588705.734
1589020.734
1589335.734
1589605.734
1589920.734
1590235.734
1590505.734
1590820.734
1591135.734
1591405.734
1591720.734
1592035.734
1592305.734
1592620.734
1592935.734
1593205.734
1593520.734
1593835.734
1594105.734
1594420.734
1594735.734
1595005.734
1595320.734
1595635.734
1595905.734
1596220.734
1596535.734
1596805.734
1597120.734
1597435.734
1597705.734
1598020.734
1598335.734
1598605.734
1598920.734
1599235.734
1599505.734
1599820.734
1600135.734
1600405.734
1600720.734
1601035.734
1601305.734
1601620.734
1601935.734
1602205.734
1602520.734
1602835.734
1603105.734
1603420.734
1603735.734
1604005.734
1604320.734
1604635.734
1604905.734
1605220.734
1605535.734
1605805.734
1606120.734
1606435.734
1606705.734
1607020.734
1607335.734
1607605.734
1607920.734
1608235.734
1608505.734
1608820.734
1609135.734
1609405.734
1609720.734
1610035.734
1610305.734
1610620.734
1610935.734
1611205.734
1611520.734
1611835.734
1612105.734
1612420.734
1612735.734
1613005.734
1613320.734
1613635.734
1613905.734
1614220.734
1614535.734
1614805.734
1615120.734
1615435.734
1615705.734
1616020.734
1616335.734
1616605.734
1616920.734
1617235.734
1617505.734
1617820.734
1618135.734
1618405.734
1618720.734
1619035.734
1619305.734
1619620.734
1619935.734
1620205.734
1620520.734
1620835.734
1621105.734
1621420.734
1621735.734
1622005.734
1622320.734
1622635.734
1622905.734
1623220.734
1623535.734
1623805.734
1624120.734
1624435.734
1624705.734
1625020.734
1625335.734
1625605.734
1625920.734
1626235.734
1626505.734
1626820.734
1627135.734
1627405.734
1627720.734
1628035.734
1628305.734
1628620.734
1628935.734
1629205.734
1629520.734
1629835.734
1630105.734
1630420.734
1630735.734
1631005.734
1631320.734
1631635.734
1631905.734
1632220.734
1632535.734
1632805.734
1633120.734
1633435.734
1633705.734
1634020.734
1634335.734
1634605.734
1634920.734
1635235.734
1635505.734
1635820.734
1636135.734
1636405.734
1636720.734
1637035.734
1637305.734
1637620.734
1637935.734
1638205.734
1638520.734
1638835.734
1639105.734
1639420.734
1639735.734
1640005.734
1640320.734
1640635.734
1640905.734
1641220.734
1641535.734
1641805.734
1642120.734
1642435.734
1642705.734
1643020.734
1643335.734
1643605.734
1643920.734
1644235.734
1644505.734
1644820.734
1645135.734
1645405.734
1645720.734
1646035.734
1646305.734
1646620.734
1646935.734
1647205.734
1647520.734
1647835.734
1648105.734
1648420.734
1648735.734
1649005.734
1649320.734
1649635.734
1649905.734
1650220.734
1650535.734
1650805.734
1651120.734
1651435.734
1651705.734
1652020.734
1652335.734
1652605.734
1652920.734
1653235.734
1653505.734
1653820.734
1654135.734
1654405.734
1654720.734
1655035.734
1655305.734
1655620.734
1655935.734
1656205.734
1656520.734
1656835.734
1657105.734
1657420.734
1657735.734
1658005.734
1658320.734
1658635.734
1658905.734
1659220.734
1659535.734
1659805.734
1660120.734
1660435.734
1660705.734
1661020.734
1661335.734
1661605.734
1661920.734
1662235.734
1662505.734
1662820.734
1663135.734
1663405.734
1663720.734
1664035.734
1664305.734
1664620.734
1664935.734
1665205.734
1665520.734
1665835.734
1666105.734
1666420.734
1666735.734
1667005.734
1667320.734
1667635.734
1667905.734
1668220.734
1668535.734
1668805.734
1669120.734
1669435.734
1669705.734
1670020.734
1670335.734
1670605.734
1670920.734
1671235.734
1671505.734
1671820.734
1672135.734
1672405.734
1672720.734
1673035.734
1673305.734
1673620.734
1673935.734
1674205.734
1674520.734
1674835.734
1675105.734
1675420.734
1675735.734
1676005.734
1676320.734
1676635.734
1676905.734
1677220.734
1677535.734
1677805.734
1678120.734
1678435.734
1678705.734
1679020.734
1679335.734
1679605.734
1679920.734
1680235.734
1680505.734
1680820.734
1681135.734
1681405.734
1681720.734
1682035.734
1682305.734
1682620.734
1682935.734
1683205.734
1683520.734
1683835.734
1684105.734
1684420.734
1684735.734
1685005.734
1685320.734
1685635.734
1685905.734
1686220.734
1686535.734
1686805.734
1687120.734
1687435.734
1687705.734
1688020.734
1688335.734
1688605.734
1688920.734
1689235.734
1689505.734
1689820.734
1690135.734
1690405.734
1690720.734
1691035.734
1691305.734
1691620.734
1691935.734
1692205.734
1692520.734
1692835.734
1693105.734
1693420.734
1693735.734
1694005.734
1694320.734
1694635.734
1694905.734
1695220.734
1695535.734
1695805.734
1696120.734
1696435.734
1696705.734
1697020.734
1697335.734
1697605.734
1697920.734
1698235.734
1698505.734
1698820.734
1699135.734
1699405.734
1699720.734
1700035.734
1700305.734
1700620.734
1700935.734
1701205.734
1701520.734
1701835.734
1702105.734
1702420.734
1702735.734
1703005.734
1703320.734
1703635.734
1703905.734
1704220.734
1704535.734
1704805.734
1705120.734
1705435.734
1705705.734
1706020.734
1706335.734
1706605.734
1706920.734
1707235.734
1707505.734
1707820.734
1708135.734
1708405.734
1708720.734
1709035.734
1709305.734
1709620.734
1709935.734
1710205.734
1710520.734
1710835.734
1711105.734
1711420.734
1711735.734
1712005.734
1712320.734
1712635.734
1712905.734
1713220.734
1713535.734
1713805.734
1714120.734
1714435.734
1714705.734
1715020.734
1715335.734
1715605.734
1715920.734
1716235.734
1716505.734
1716820.734
1717135.734
1717405.734
1717720.734
1718035.734
1718305.734
1718620.734
1718935.734
1719205.734
1719520.734
1719835.734
1720105.734
1720420.734
1720735.734
1721005.734
1721320.734
1721635.734
1721905.734
1722220.734
1722535.734
1722805.734
1723120.734
1723435.734
1723705.734
1724020.734
1724335.734
1724605.734
1724920.734
1725235.734
1725505.734
1725820.734
1726135.734
1726405.734
1726720.734
1727035.734
1727305.734
1727620.734
1727935.734
