/*--------------------------------*- C++ -*----------------------------------*\
  =========                 |
  \\      /  F ield         | OpenFOAM: The Open Source CFD Toolbox
   \\    /   O peration     | Website:  https://openfoam.org
    \\  /    A nd           | Version:  7
     \\/     M anipulation  |
\*---------------------------------------------------------------------------*/
FoamFile
{
    version     2.0;
    format      ascii;
    class       labelList;
    note        "nPoints: 11036 nCells: 5368 nFaces: 21621 nInternalFaces: 10587";
    location    "constant/polyMesh";
    object      neighbour;
}
// * * * * * * * * * * * * * * * * * * * * * * * * * * * * * * * * * * * * * //


10587
(
1
61
2
62
3
63
4
64
5
65
6
66
7
67
8
68
9
69
10
70
11
71
12
72
13
73
14
74
15
75
16
76
17
77
18
78
19
79
20
80
21
81
22
82
23
83
24
84
25
85
26
86
27
87
28
88
29
89
30
90
31
91
32
92
33
93
34
94
35
95
36
96
37
97
38
98
39
99
40
100
41
101
42
102
43
103
44
104
45
105
46
106
47
107
48
108
49
109
50
110
51
111
52
112
53
113
54
114
55
115
56
116
57
117
58
118
59
119
60
120
121
62
122
63
123
64
124
65
125
66
126
67
127
68
128
69
129
70
130
71
131
72
132
73
133
74
134
75
135
76
136
77
137
78
138
79
139
80
140
81
141
82
142
83
143
84
144
85
145
86
146
87
147
88
148
89
149
90
150
91
151
92
152
93
153
94
154
95
155
96
156
97
157
98
158
99
159
100
160
101
161
102
162
103
163
104
164
105
165
106
166
107
167
108
168
109
169
110
170
111
171
112
172
113
173
114
174
115
175
116
176
117
177
118
178
119
179
120
180
121
181
182
123
183
124
184
125
185
126
186
127
187
128
188
129
189
130
190
131
191
132
192
133
193
134
194
135
195
136
196
137
197
138
198
139
199
140
200
141
201
142
202
143
203
144
204
145
205
146
206
147
207
148
208
149
209
150
210
151
211
152
212
153
213
154
214
155
215
156
216
157
217
158
218
159
219
160
220
161
221
162
222
163
223
164
224
165
225
166
226
167
227
168
228
169
229
170
230
171
231
172
232
173
233
174
234
175
235
176
236
177
237
178
238
179
239
180
240
181
241
182
242
243
184
244
185
245
186
246
187
247
188
248
189
249
190
250
191
251
192
252
193
253
194
254
195
255
196
256
197
257
198
258
199
259
200
260
201
261
202
262
203
263
204
264
205
265
206
266
207
267
208
268
209
269
210
270
211
271
212
272
213
273
214
274
215
275
216
276
217
277
218
278
219
279
220
280
221
281
222
282
223
283
224
284
225
285
226
286
227
287
228
288
229
289
230
290
231
291
232
292
233
293
234
294
235
295
236
296
237
297
238
298
239
299
240
300
241
301
242
302
243
303
304
245
305
246
306
247
307
248
308
249
309
250
310
251
311
252
312
253
313
254
314
255
315
256
316
257
317
258
318
259
319
260
320
261
321
262
322
263
323
264
324
265
325
266
326
267
327
268
328
269
329
270
330
271
331
272
332
273
333
274
334
275
335
276
336
277
337
278
338
279
339
280
340
281
341
282
342
283
343
284
344
285
345
286
346
287
347
288
348
289
349
290
350
291
351
292
352
293
353
294
354
295
355
296
356
297
357
298
358
299
359
300
360
301
361
302
362
303
363
304
364
365
306
366
307
367
308
368
309
369
310
370
311
371
312
372
313
373
314
374
315
375
316
376
317
377
318
378
319
379
320
380
321
381
322
382
323
383
324
384
325
385
326
386
327
387
328
388
329
389
330
390
331
391
332
392
333
393
334
394
335
395
336
396
337
397
338
398
339
399
340
400
341
401
342
402
343
403
344
404
345
405
346
406
347
407
348
408
349
409
350
410
351
411
352
412
353
413
354
414
355
415
356
416
357
417
358
418
359
419
360
420
361
421
362
422
363
423
364
424
365
425
426
367
427
368
428
369
429
370
430
371
431
372
432
373
433
374
434
375
435
376
436
377
437
378
438
379
439
380
440
381
441
382
442
383
443
384
444
385
445
386
446
387
447
388
448
389
449
390
450
391
451
392
452
393
453
394
454
395
455
396
456
397
457
398
458
399
459
400
460
401
461
402
462
403
463
404
464
405
465
406
466
407
467
408
468
409
469
410
470
411
471
412
472
413
473
414
474
415
475
416
476
417
477
418
478
419
479
420
480
421
481
422
482
423
483
424
484
425
485
426
486
487
428
488
429
489
430
490
431
491
432
492
433
493
434
494
435
495
436
496
437
497
438
498
439
499
440
500
441
501
442
502
443
503
444
504
445
505
446
506
447
507
448
508
449
509
450
510
451
511
452
512
453
513
454
514
455
515
456
516
457
517
458
518
459
519
460
520
461
521
462
522
463
523
464
524
465
525
466
526
467
527
468
528
469
529
470
530
471
531
472
532
473
533
474
534
475
535
476
536
477
537
478
538
479
539
480
540
481
541
482
542
483
543
484
544
485
545
486
546
487
547
548
489
549
490
550
491
551
492
552
493
553
494
554
495
555
496
556
497
557
498
558
499
559
500
560
501
561
502
562
503
563
504
564
505
565
506
566
507
567
508
568
509
569
510
570
511
571
512
572
513
573
514
574
515
575
516
576
517
577
518
578
519
579
520
580
521
581
522
582
523
583
524
584
525
585
526
586
527
587
528
588
529
589
530
590
531
591
532
592
533
593
534
594
535
595
536
596
537
597
538
598
539
599
540
600
541
601
542
602
543
603
544
604
545
605
546
606
547
607
548
608
609
550
610
551
611
552
612
553
613
554
614
555
615
556
616
557
617
558
618
559
619
560
620
561
621
562
622
563
623
564
624
565
625
566
626
567
627
568
628
569
629
570
630
571
631
572
632
573
633
574
634
575
635
576
636
577
637
578
638
579
639
580
640
581
641
582
642
583
643
584
644
585
645
586
646
587
647
588
648
589
649
590
650
591
651
592
652
593
653
594
654
595
655
596
656
597
657
598
658
599
659
600
660
601
661
602
662
603
663
604
664
605
665
606
666
607
667
608
668
609
669
670
611
671
612
672
613
673
614
674
615
675
616
676
617
677
618
678
619
679
620
680
621
681
622
682
623
683
624
684
625
685
626
686
627
687
628
688
629
689
630
690
631
691
632
692
633
693
634
694
635
695
636
696
637
697
638
698
639
699
640
700
641
701
642
702
643
703
644
704
645
705
646
706
647
707
648
708
649
709
650
710
651
711
652
712
653
713
654
714
655
715
656
716
657
717
658
718
659
719
660
720
661
721
662
722
663
723
664
724
665
725
666
726
667
727
668
728
669
729
670
730
731
672
732
673
733
674
734
675
735
676
736
677
737
678
738
679
739
680
740
681
741
682
742
683
743
684
744
685
745
686
746
687
747
688
748
689
749
690
750
691
751
692
752
693
753
694
754
695
755
696
756
697
757
698
758
699
759
700
760
701
761
702
762
703
763
704
764
705
765
706
766
707
767
708
768
709
769
710
770
711
771
712
772
713
773
714
774
715
775
716
776
717
777
718
778
719
779
720
780
721
781
722
782
723
783
724
784
725
785
726
786
727
787
728
788
729
789
730
790
731
791
792
733
793
734
794
735
795
736
796
737
797
738
798
739
799
740
800
741
801
742
802
743
803
744
804
745
805
746
806
747
807
748
808
749
809
750
810
751
811
752
812
753
813
754
814
755
815
756
816
757
817
758
818
759
819
760
820
761
821
762
822
763
823
764
824
765
825
766
826
767
827
768
828
769
829
770
830
771
831
772
832
773
833
774
834
775
835
776
836
777
837
778
838
779
839
780
840
781
841
782
842
783
843
784
844
785
845
786
846
787
847
788
848
789
849
790
850
791
851
792
852
853
794
854
795
855
796
856
797
857
798
858
799
859
800
860
801
861
802
862
803
863
804
864
805
865
806
866
807
867
808
868
809
869
810
870
811
871
812
872
813
873
814
874
815
875
816
876
817
877
818
878
819
879
820
880
821
881
822
882
823
883
824
884
825
885
826
886
827
887
828
888
829
889
830
890
831
891
832
892
833
893
834
894
835
895
836
896
837
897
838
898
839
899
840
900
841
901
842
902
843
903
844
904
845
905
846
906
847
907
848
908
849
909
850
910
851
911
852
912
853
913
914
855
915
856
916
857
917
858
918
859
919
860
920
861
921
862
922
863
923
864
924
865
925
866
926
867
927
868
928
869
929
870
930
871
931
872
932
873
933
874
934
875
935
876
936
877
937
878
938
879
939
880
940
881
941
882
942
883
943
884
944
885
945
886
946
887
947
888
948
889
949
890
950
891
951
892
952
893
953
894
954
895
955
896
956
897
957
898
958
899
959
900
960
901
961
902
962
903
963
904
964
905
965
906
966
907
967
908
968
909
969
910
970
911
971
912
972
913
973
914
974
975
916
976
917
977
918
978
919
979
920
980
921
981
922
982
923
983
924
984
925
985
926
986
927
987
928
988
929
989
930
990
931
991
932
992
933
993
934
994
935
995
936
996
937
997
938
998
939
999
940
1000
941
1001
942
1002
943
1003
944
1004
945
1005
946
1006
947
1007
948
1008
949
1009
950
1010
951
1011
952
1012
953
1013
954
1014
955
1015
956
1016
957
1017
958
1018
959
1019
960
1020
961
1021
962
1022
963
1023
964
1024
965
1025
966
1026
967
1027
968
1028
969
1029
970
1030
971
1031
972
1032
973
1033
974
1034
975
1035
1036
977
1037
978
1038
979
1039
980
1040
981
1041
982
1042
983
1043
984
1044
985
1045
986
1046
987
1047
988
1048
989
1049
990
1050
991
1051
992
1052
993
1053
994
1054
995
1055
996
1056
997
1057
998
1058
999
1059
1000
1060
1001
1061
1002
1062
1003
1063
1004
1064
1005
1065
1006
1066
1007
1067
1008
1068
1009
1069
1010
1070
1011
1071
1012
1072
1013
1073
1014
1074
1015
1075
1016
1076
1017
1077
1018
1078
1019
1079
1020
1080
1021
1081
1022
1082
1023
1083
1024
1084
1025
1085
1026
1086
1027
1087
1028
1088
1029
1089
1030
1090
1031
1091
1032
1092
1033
1093
1034
1094
1035
1095
1036
1096
1097
1038
1098
1039
1099
1040
1100
1041
1101
1042
1102
1043
1103
1044
1104
1045
1105
1046
1106
1047
1107
1048
1108
1049
1109
1050
1110
1051
1111
1052
1112
1053
1113
1054
1114
1055
1115
1056
1116
1057
1117
1058
1118
1059
1119
1060
1120
1061
1121
1062
1122
1063
1123
1064
1124
1065
1125
1066
1126
1067
1127
1068
1128
1069
1129
1070
1130
1071
1131
1072
1132
1073
1133
1074
1134
1075
1135
1076
1136
1077
1137
1078
1138
1079
1139
1080
1140
1081
1141
1082
1142
1083
1143
1084
1144
1085
1145
1086
1146
1087
1147
1088
1148
1089
1149
1090
1150
1091
1151
1092
1152
1093
1153
1094
1154
1095
1155
1096
1156
1097
1157
1158
1099
1159
1100
1160
1101
1161
1102
1162
1103
1163
1104
1164
1105
1165
1106
1166
1107
1167
1108
1168
1109
1169
1110
1170
1111
1171
1112
1172
1113
1173
1114
1174
1115
1175
1116
1176
1117
1177
1118
1178
1119
1179
1120
1180
1121
1181
1122
1182
1123
1183
1124
1184
1125
1185
1126
1186
1127
1187
1128
1188
1129
1189
1130
1190
1131
1191
1132
1192
1133
1193
1134
1194
1135
1195
1136
1196
1137
1197
1138
1198
1139
1199
1140
1200
1141
1201
1142
1202
1143
1203
1144
1204
1145
1205
1146
1206
1147
1207
1148
1208
1149
1209
1150
1210
1151
1211
1152
1212
1153
1213
1154
1214
1155
1215
1156
1216
1157
1217
1158
1218
1219
1160
1220
1161
1221
1162
1222
1163
1223
1164
1224
1165
1225
1166
1226
1167
1227
1168
1228
1169
1229
1170
1230
1171
1231
1172
1232
1173
1233
1174
1234
1175
1235
1176
1236
1177
1237
1178
1238
1179
1239
1180
1240
1181
1241
1182
1242
1183
1243
1184
1244
1185
1245
1186
1246
1187
1247
1188
1248
1189
1249
1190
1250
1191
1251
1192
1252
1193
1253
1194
1254
1195
1255
1196
1256
1197
1257
1198
1258
1199
1259
1200
1260
1201
1261
1202
1262
1203
1263
1204
1264
1205
1265
1206
1266
1207
1267
1208
1268
1209
1269
1210
1270
1211
1271
1212
1272
1213
1273
1214
1274
1215
1275
1216
1276
1217
1277
1218
1278
1219
1279
1280
1221
1281
1222
1282
1223
1283
1224
1284
1225
1285
1226
1286
1227
1287
1228
1288
1229
1289
1230
1290
1231
1291
1232
1292
1233
1293
1234
1294
1235
1295
1236
1296
1237
1297
1238
1298
1239
1299
1240
1300
1241
1301
1242
1302
1243
1303
1244
1304
1245
1305
1246
1306
1247
1307
1248
1308
1249
1309
1250
1310
1251
1311
1252
1312
1253
1313
1254
1314
1255
1315
1256
1316
1257
1317
1258
1318
1259
1319
1260
1320
1261
1321
1262
1322
1263
1323
1264
1324
1265
1325
1266
1326
1267
1327
1268
1328
1269
1329
1270
1330
1271
1331
1272
1332
1273
1333
1274
1334
1275
1335
1276
1336
1277
1337
1278
1338
1279
1339
1280
1340
1341
1282
1342
1283
1343
1284
1344
1285
1345
1286
1346
1287
1347
1288
1348
1289
1349
1290
1350
1291
1351
1292
1352
1293
1353
1294
1354
1295
1355
1296
1356
1297
1357
1298
1358
1299
1359
1300
1360
1301
1361
1302
1362
1303
1363
1304
1364
1305
1365
1306
1366
1307
1367
1308
1368
1309
1369
1310
1370
1311
1371
1312
1372
1313
1373
1314
1374
1315
1375
1316
1376
1317
1377
1318
1378
1319
1379
1320
1380
1321
1381
1322
1382
1323
1383
1324
1384
1325
1385
1326
1386
1327
1387
1328
1388
1329
1389
1330
1390
1331
1391
1332
1392
1333
1393
1334
1394
1335
1395
1336
1396
1337
1397
1338
1398
1339
1399
1340
1400
1341
1401
1402
1343
1403
1344
1404
1345
1405
1346
1406
1347
1407
1348
1408
1349
1409
1350
1410
1351
1411
1352
1412
1353
1413
1354
1414
1355
1415
1356
1416
1357
1417
1358
1418
1359
1419
1360
1420
1361
1421
1362
1422
1363
1423
1364
1424
1365
1425
1366
1426
1367
1427
1368
1428
1369
1429
1370
1430
1371
1431
1372
1432
1373
1433
1374
1434
1375
1435
1376
1436
1377
1437
1378
1438
1379
1439
1380
1440
1381
1441
1382
1442
1383
1443
1384
1444
1385
1445
1386
1446
1387
1447
1388
1448
1389
1449
1390
1450
1391
1451
1392
1452
1393
1453
1394
1454
1395
1455
1396
1456
1397
1457
1398
1458
1399
1459
1400
1460
1401
1461
1402
1462
1463
1404
1464
1405
1465
1406
1466
1407
1467
1408
1468
1409
1469
1410
1470
1411
1471
1412
1472
1413
1473
1414
1474
1415
1475
1416
1476
1417
1477
1418
1478
1419
1479
1420
1480
1421
1481
1422
1482
1423
1483
1424
1484
1425
1485
1426
1486
1427
1487
1428
1488
1429
1489
1430
1490
1431
1491
1432
1492
1433
1493
1434
1494
1435
1495
1436
1496
1437
1497
1438
1498
1439
1499
1440
1500
1441
1501
1442
1502
1443
1503
1444
1504
1445
1505
1446
1506
1447
1507
1448
1508
1449
1509
1450
1510
1451
1511
1452
1512
1453
1513
1454
1514
1455
1515
1456
1516
1457
1517
1458
1518
1459
1519
1460
1520
1461
1521
1462
1522
1463
1523
1524
1465
1525
1466
1526
1467
1527
1468
1528
1469
1529
1470
1530
1471
1531
1472
1532
1473
1533
1474
1534
1475
1535
1476
1536
1477
1537
1478
1538
1479
1539
1480
1540
1481
1541
1482
1542
1483
1543
1484
1544
1485
1545
1486
1546
1487
1547
1488
1548
1489
1549
1490
1550
1491
1551
1492
1552
1493
1553
1494
1554
1495
1555
1496
1556
1497
1557
1498
1558
1499
1559
1500
1560
1501
1561
1502
1562
1503
1563
1504
1564
1505
1565
1506
1566
1507
1567
1508
1568
1509
1569
1510
1570
1511
1571
1512
1572
1513
1573
1514
1574
1515
1575
1516
1576
1517
1577
1518
1578
1519
1579
1520
1580
1521
1581
1522
1582
1523
1583
1524
1584
1585
1526
1586
1527
1587
1528
1588
1529
1589
1530
1590
1531
1591
1532
1592
1533
1593
1534
1594
1535
1595
1536
1596
1537
1597
1538
1598
1539
1599
1540
1600
1541
1601
1542
1602
1543
1603
1544
1604
1545
1605
1546
1606
1547
1607
1548
1608
1549
1609
1550
1610
1551
1611
1552
1612
1553
1613
1554
1614
1555
1615
1556
1616
1557
1617
1558
1618
1559
1619
1560
1620
1561
1621
1562
1622
1563
1623
1564
1624
1565
1625
1566
1626
1567
1627
1568
1628
1569
1629
1570
1630
1571
1631
1572
1632
1573
1633
1574
1634
1575
1635
1576
1636
1577
1637
1578
1638
1579
1639
1580
1640
1581
1641
1582
1642
1583
1643
1584
1644
1585
1645
1646
1587
1647
1588
1648
1589
1649
1590
1650
1591
1651
1592
1652
1593
1653
1594
1654
1595
1655
1596
1656
1597
1657
1598
1658
1599
1659
1600
1660
1601
1661
1602
1662
1603
1663
1604
1664
1605
1665
1606
1666
1607
1667
1608
1668
1609
1669
1610
1670
1611
1671
1612
1672
1613
1673
1614
1674
1615
1675
1616
1676
1617
1677
1618
1678
1619
1679
1620
1680
1621
1681
1622
1682
1623
1683
1624
1684
1625
1685
1626
1686
1627
1687
1628
1688
1629
1689
1630
1690
1631
1691
1632
1692
1633
1693
1634
1694
1635
1695
1636
1696
1637
1697
1638
1698
1639
1699
1640
1700
1641
1701
1642
1702
1643
1703
1644
1704
1645
1705
1646
1706
1707
1648
1708
1649
1709
1650
1710
1651
1711
1652
1712
1653
1713
1654
1714
1655
1715
1656
1716
1657
1717
1658
1718
1659
1719
1660
1720
1661
1721
1662
1722
1663
1723
1664
1724
1665
1725
1666
1726
1667
1727
1668
1728
1669
1729
1670
1730
1671
1731
1672
1732
1673
1733
1674
1734
1675
1735
1676
1736
1677
1737
1678
1738
1679
1739
1680
1740
1681
1741
1682
1742
1683
1743
1684
1744
1685
1745
1686
1746
1687
1747
1688
1748
1689
1749
1690
1750
1691
1751
1692
1752
1693
1753
1694
1754
1695
1755
1696
1756
1697
1757
1698
1758
1699
1759
1700
1760
1701
1761
1702
1762
1703
1763
1704
1764
1705
1765
1706
1766
1707
1767
1768
1709
1769
1710
1770
1711
1771
1712
1772
1713
1773
1714
1774
1715
1775
1716
1776
1717
1777
1718
1778
1719
1779
1720
1780
1721
1781
1722
1782
1723
1783
1724
1784
1725
1785
1726
1786
1727
1787
1728
1788
1729
1789
1730
1790
1731
1791
1732
1792
1733
1793
1734
1794
1735
1795
1736
1796
1737
1797
1738
1798
1739
1799
1740
1800
1741
1801
1742
1802
1743
1803
1744
1804
1745
1805
1746
1806
1747
1807
1748
1808
1749
1809
1750
1810
1751
1811
1752
1812
1753
1813
1754
1814
1755
1815
1756
1816
1757
1817
1758
1818
1759
1819
1760
1820
1761
1821
1762
1822
1763
1823
1764
1824
1765
1825
1766
1826
1767
1827
1768
1828
1829
1770
1830
1771
1831
1772
1832
1773
1833
1774
1834
1775
1835
1776
1836
1777
1837
1778
1838
1779
1839
1780
1840
1781
1841
1782
1842
1783
1843
1784
1844
1785
1845
1786
1846
1787
1847
1788
1848
1789
1849
1790
1850
1791
1851
1792
1852
1793
1853
1794
1854
1795
1855
1796
1856
1797
1857
1798
1858
1799
1859
1800
1860
1801
1861
1802
1862
1803
1863
1804
1864
1805
1865
1806
1866
1807
1867
1808
1868
1809
1869
1810
1870
1811
1871
1812
1872
1813
1873
1814
1874
1815
1875
1816
1876
1817
1877
1818
1878
1819
1879
1820
1880
1821
1881
1822
1882
1823
1883
1824
1884
1825
1885
1826
1886
1827
1887
1828
1888
1829
1889
1890
1831
1891
1832
1892
1833
1893
1834
1894
1835
1895
1836
1896
1837
1897
1838
1898
1839
1899
1840
1900
1841
1901
1842
1902
1843
1903
1844
1904
1845
1905
1846
1906
1847
1907
1848
1908
1849
1909
1850
1910
1851
1911
1852
1912
1853
1913
1854
1914
1855
1915
1856
1916
1857
1917
1858
1918
1859
1919
1860
1920
1861
1921
1862
1922
1863
1923
1864
1924
1865
1925
1866
1926
1867
1927
1868
1928
1869
1929
1870
1930
1871
1931
1872
1932
1873
1933
1874
1934
1875
1935
1876
1936
1877
1937
1878
1938
1879
1939
1880
1940
1881
1941
1882
1942
1883
1943
1884
1944
1885
1945
1886
1946
1887
1947
1888
1948
1889
1949
1890
1950
1951
1892
1952
1893
1953
1894
1954
1895
1955
1896
1956
1897
1957
1898
1958
1899
1959
1900
1960
1901
1961
1902
1962
1903
1963
1904
1964
1905
1965
1906
1966
1907
1967
1908
1968
1909
1969
1910
1970
1911
1971
1912
1972
1913
1973
1914
1974
1915
1975
1916
1976
1917
1977
1918
1978
1919
1979
1920
1980
1921
1981
1922
1982
1923
1983
1924
1984
1925
1985
1926
1986
1927
1987
1928
1988
1929
1989
1930
1990
1931
1991
1932
1992
1933
1993
1934
1994
1935
1995
1936
1996
1937
1997
1938
1998
1939
1999
1940
2000
1941
2001
1942
2002
1943
2003
1944
2004
1945
2005
1946
2006
1947
2007
1948
2008
1949
2009
1950
2010
1951
2011
2012
1953
2013
1954
2014
1955
2015
1956
2016
1957
2017
1958
2018
1959
2019
1960
2020
1961
2021
1962
2022
1963
2023
1964
2024
1965
2025
1966
2026
1967
2027
1968
2028
1969
2029
1970
2030
1971
2031
1972
2032
1973
2033
1974
2034
1975
2035
1976
2036
1977
2037
1978
2038
1979
2039
1980
2040
1981
2041
1982
2042
1983
2043
1984
2044
1985
2045
1986
2046
1987
2047
1988
2048
1989
2049
1990
2050
1991
2051
1992
2052
1993
2053
1994
2054
1995
2055
1996
2056
1997
2057
1998
2058
1999
2059
2000
2060
2001
2061
2002
2062
2003
2063
2004
2064
2005
2065
2006
2066
2007
2067
2008
2068
2009
2069
2010
2070
2011
2071
2012
2072
2073
2014
2074
2015
2075
2016
2076
2017
2077
2018
2078
2019
2079
2020
2080
2021
2081
2022
2082
2023
2083
2024
2084
2025
2085
2026
2086
2027
2087
2028
2088
2029
2089
2030
2090
2031
2091
2032
2092
2033
2093
2034
2094
2035
2095
2036
2096
2037
2097
2038
2098
2039
2099
2040
2100
2041
2101
2042
2102
2043
2103
2044
2104
2045
2105
2046
2106
2047
2107
2048
2108
2049
2109
2050
2110
2051
2111
2052
2112
2053
2113
2054
2114
2055
2115
2056
2116
2057
2117
2058
2118
2059
2119
2060
2120
2061
2121
2062
2122
2063
2123
2064
2124
2065
2125
2066
2126
2067
2127
2068
2128
2069
2129
2070
2130
2071
2131
2072
2132
2073
2133
2134
2075
2135
2076
2136
2077
2137
2078
2138
2079
2139
2080
2140
2081
2141
2082
2142
2083
2143
2084
2144
2085
2145
2086
2146
2087
2147
2088
2148
2089
2149
2090
2150
2091
2151
2092
2152
2093
2153
2094
2154
2095
2155
2096
2156
2097
2157
2098
2158
2099
2159
2100
2160
2101
2161
2102
2162
2103
2163
2104
2164
2105
2165
2106
2166
2107
2167
2108
2168
2109
2169
2110
2170
2111
2171
2112
2172
2113
2173
2114
2174
2115
2175
2116
2176
2117
2177
2118
2178
2119
2179
2120
2180
2121
2181
2122
2182
2123
2183
2124
2184
2125
2185
2126
2186
2127
2187
2128
2188
2129
2189
2130
2190
2131
2191
2132
2192
2133
2193
2134
2194
2195
2136
2196
2137
2197
2138
2198
2139
2199
2140
2200
2141
2201
2142
2202
2143
2203
2144
2204
2145
2205
2146
2206
2147
2207
2148
2208
2149
2209
2150
2210
2151
2211
2152
2212
2153
2213
2154
2214
2155
2215
2156
2216
2157
2217
2158
2218
2159
2219
2160
2220
2161
2221
2162
2222
2163
2223
2164
2224
2165
2225
2166
2226
2167
2227
2168
2228
2169
2229
2170
2230
2171
2231
2172
2232
2173
2233
2174
2234
2175
2235
2176
2236
2177
2237
2178
2238
2179
2239
2180
2240
2181
2241
2182
2242
2183
2243
2184
2244
2185
2245
2186
2246
2187
2247
2188
2248
2189
2249
2190
2250
2191
2251
2192
2252
2193
2253
2194
2254
2195
2255
2256
2197
2257
2198
2258
2199
2259
2200
2260
2201
2261
2202
2262
2203
2263
2204
2264
2205
2265
2206
2266
2207
2267
2208
2268
2209
2269
2210
2270
2211
2271
2212
2272
2213
2273
2214
2274
2215
2275
2216
2276
2217
2277
2218
2278
2219
2279
2220
2280
2221
2281
2222
2282
2223
2283
2224
2284
2225
2285
2226
2286
2227
2287
2228
2288
2229
2289
2230
2290
2231
2291
2232
2292
2233
2293
2234
2294
2235
2295
2236
2296
2237
2297
2238
2298
2239
2299
2240
2300
2241
2301
2242
2302
2243
2303
2244
2304
2245
2305
2246
2306
2247
2307
2248
2308
2249
2309
2250
2310
2251
2311
2252
2312
2253
2313
2254
2314
2255
2315
2256
2316
2317
2258
2318
2259
2319
2260
2320
2261
2321
2262
2322
2263
2323
2264
2324
2265
2325
2266
2326
2267
2327
2268
2328
2269
2329
2270
2330
2271
2331
2272
2332
2273
2333
2274
2334
2275
2335
2276
2336
2277
2337
2278
2338
2279
2339
2280
2340
2281
2341
2282
2342
2283
2343
2284
2344
2285
2345
2286
2346
2287
2347
2288
2348
2289
2349
2290
2350
2291
2351
2292
2352
2293
2353
2294
2354
2295
2355
2296
2356
2297
2357
2298
2358
2299
2359
2300
2360
2301
2361
2302
2362
2303
2363
2304
2364
2305
2365
2306
2366
2307
2367
2308
2368
2309
2369
2310
2370
2311
2371
2312
2372
2313
2373
2314
2374
2315
2375
2316
2376
2317
2377
2378
2319
2379
2320
2380
2321
2381
2322
2382
2323
2383
2324
2384
2325
2385
2326
2386
2327
2387
2328
2388
2329
2389
2330
2390
2331
2391
2332
2392
2333
2393
2334
2394
2335
2395
2336
2396
2337
2397
2338
2398
2339
2399
2340
2400
2341
2401
2342
2402
2343
2403
2344
2404
2345
2405
2346
2406
2347
2407
2348
2408
2349
2409
2350
2410
2351
2411
2352
2412
2353
2413
2354
2414
2355
2415
2356
2416
2357
2417
2358
2418
2359
2419
2360
2420
2361
2421
2362
2422
2363
2423
2364
2424
2365
2425
2366
2426
2367
2427
2368
2428
2369
2429
2370
2430
2371
2431
2372
2432
2373
2433
2374
2434
2375
2435
2376
2436
2377
2437
2378
2438
2439
2380
2440
2381
2441
2382
2442
2383
2443
2384
2444
2385
2445
2386
2446
2387
2447
2388
2448
2389
2449
2390
2450
2391
2451
2392
2452
2393
2453
2394
2454
2395
2455
2396
2456
2397
2457
2398
2458
2399
2459
2400
2460
2401
2461
2402
2462
2403
2463
2404
2464
2405
2465
2406
2466
2407
2467
2408
2468
2409
2469
2410
2470
2411
2471
2412
2472
2413
2473
2414
2474
2415
2475
2416
2476
2417
2477
2418
2478
2419
2479
2420
2480
2421
2481
2422
2482
2423
2483
2424
2484
2425
2485
2426
2486
2427
2487
2428
2488
2429
2489
2430
2490
2431
2491
2432
2492
2433
2493
2434
2494
2435
2495
2436
2496
2437
2497
2438
2498
2439
2499
2500
2441
2501
2442
2502
2443
2503
2444
2504
2445
2505
2446
2506
2447
2507
2448
2508
2449
2509
2450
2510
2451
2511
2452
2512
2453
2513
2454
2514
2455
2515
2456
2516
2457
2517
2458
2518
2459
2519
2460
2520
2461
2521
2462
2522
2463
2523
2464
2524
2465
2525
2466
2526
2467
2527
2468
2528
2469
2529
2470
2530
2471
2531
2472
2532
2473
2533
2474
2534
2475
2535
2476
2536
2477
2537
2478
2538
2479
2539
2480
2540
2481
2541
2482
2542
2483
2543
2484
2544
2485
2545
2486
2546
2487
2547
2488
2548
2489
2549
2490
2550
2491
2551
2492
2552
2493
2553
2494
2554
2495
2555
2496
2556
2497
2557
2498
2558
2499
2559
2500
2560
2561
2502
2562
2503
2563
2504
2564
2505
2565
2506
2566
2507
2567
2508
2568
2509
2569
2510
2570
2511
2571
2512
2572
2513
2573
2514
2574
2515
2575
2516
2576
2517
2577
2518
2578
2519
2579
2520
2580
2521
2581
2522
2582
2523
2583
2524
2584
2525
2585
2526
2586
2527
2587
2528
2588
2529
2589
2530
2590
2531
2591
2532
2592
2533
2593
2534
2594
2535
2595
2536
2596
2537
2597
2538
2598
2539
2599
2540
2600
2541
2601
2542
2602
2543
2603
2544
2604
2545
2605
2546
2606
2547
2607
2548
2608
2549
2609
2550
2610
2551
2611
2552
2612
2553
2613
2554
2614
2555
2615
2556
2616
2557
2617
2558
2618
2559
2619
2560
2620
2561
2621
2622
2563
2623
2564
2624
2565
2625
2566
2626
2567
2627
2568
2628
2569
2629
2570
2630
2571
2631
2572
2632
2573
2633
2574
2634
2575
2635
2576
2636
2577
2637
2578
2638
2579
2639
2580
2640
2581
2641
2582
2642
2583
2643
2584
2644
2585
2645
2586
2646
2587
2647
2588
2648
2589
2649
2590
2650
2591
2651
2592
2652
2593
2653
2594
2654
2595
2655
2596
2656
2597
2657
2598
2658
2599
2659
2600
2660
2601
2661
2602
2662
2603
2663
2604
2664
2605
2665
2606
2666
2607
2667
2608
2668
2609
2669
2610
2670
2611
2671
2612
2672
2613
2673
2614
2674
2615
2675
2616
2676
2617
2677
2618
2678
2619
2679
2620
2680
2621
2681
2622
2682
2683
2624
2684
2625
2685
2626
2686
2627
2687
2628
2688
2629
2689
2630
2690
2631
2691
2632
2692
2633
2693
2634
2694
2635
2695
2636
2696
2637
2697
2638
2698
2639
2699
2640
2700
2641
2701
2642
2702
2643
2703
2644
2704
2645
2705
2646
2706
2647
2707
2648
2708
2649
2709
2650
2710
2651
2711
2652
2712
2653
2713
2654
2714
2655
2715
2656
2716
2657
2717
2658
2718
2659
2719
2660
2720
2661
2721
2662
2722
2663
2723
2664
2724
2665
2725
2666
2726
2667
2727
2668
2728
2669
2729
2670
2730
2671
2731
2672
2732
2673
2733
2674
2734
2675
2735
2676
2736
2677
2737
2678
2738
2679
2739
2680
2740
2681
2741
2682
2742
2683
2743
2744
2685
2745
2686
2746
2687
2747
2688
2748
2689
2749
2690
2750
2691
2751
2692
2752
2693
2753
2694
2754
2695
2755
2696
2756
2697
2757
2698
2758
2699
2759
2700
2760
2701
2761
2702
2762
2703
2763
2704
2764
2705
2765
2706
2766
2707
2767
2708
2768
2709
2769
2710
2770
2711
2771
2712
2772
2713
2773
2714
2774
2715
2775
2716
2776
2717
2777
2718
2778
2719
2779
2720
2780
2721
2781
2722
2782
2723
2783
2724
2784
2725
2785
2726
2786
2727
2787
2728
2788
2729
2789
2730
2790
2731
2791
2732
2792
2733
2793
2734
2794
2735
2795
2736
2796
2737
2797
2738
2798
2739
2799
2740
2800
2741
2801
2742
2802
2743
2803
2744
2804
2805
2746
2806
2747
2807
2748
2808
2749
2809
2750
2810
2751
2811
2752
2812
2753
2813
2754
2814
2755
2815
2756
2816
2757
2817
2758
2818
2759
2819
2760
2820
2761
2821
2762
2822
2763
2823
2764
2824
2765
2825
2766
2826
2767
2827
2768
2828
2769
2829
2770
2830
2771
2831
2772
2832
2773
2833
2774
2834
2775
2835
2776
2836
2777
2837
2778
2838
2779
2839
2780
2840
2781
2841
2782
2842
2783
2843
2784
2844
2785
2845
2786
2846
2787
2847
2788
2848
2789
2849
2790
2850
2791
2851
2792
2852
2793
2853
2794
2854
2795
2855
2796
2856
2797
2857
2798
2858
2799
2859
2800
2860
2801
2861
2802
2862
2803
2863
2804
2864
2805
2865
2866
2807
2867
2808
2868
2809
2869
2810
2870
2811
2871
2812
2872
2813
2873
2814
2874
2815
2875
2816
2876
2817
2877
2818
2878
2819
2879
2820
2880
2821
2881
2822
2882
2823
2883
2824
2884
2825
2885
2826
2886
2827
2887
2828
2888
2829
2889
2830
2890
2831
2891
2832
2892
2833
2893
2834
2894
2835
2895
2836
2896
2837
2897
2838
2898
2839
2899
2840
2900
2841
2901
2842
2902
2843
2903
2844
2904
2845
2905
2846
2906
2847
2907
2848
2908
2849
2909
2850
2910
2851
2911
2852
2912
2853
2913
2854
2914
2855
2915
2856
2916
2857
2917
2858
2918
2859
2919
2860
2920
2861
2921
2862
2922
2863
2923
2864
2924
2865
2925
2866
2926
2927
2868
2928
2869
2929
2870
2930
2871
2931
2872
2932
2873
2933
2874
2934
2875
2935
2876
2936
2877
2937
2878
2938
2879
2939
2880
2940
2881
2941
2882
2942
2883
2943
2884
2944
2885
2945
2886
2946
2887
2947
2888
2948
2889
2949
2890
2950
2891
2951
2892
2952
2893
2953
2894
2954
2895
2955
2896
2956
2897
2957
2898
2958
2899
2959
2900
2960
2901
2961
2902
2962
2903
2963
2904
2964
2905
2965
2906
2966
2907
2967
2908
2968
2909
2969
2910
2970
2911
2971
2912
2972
2913
2973
2914
2974
2915
2975
2916
2976
2917
2977
2918
2978
2919
2979
2920
2980
2921
2981
2922
2982
2923
2983
2924
2984
2925
2985
2926
2986
2927
2987
2988
2929
2989
2930
2990
2931
2991
2932
2992
2933
2993
2934
2994
2935
2995
2936
2996
2937
2997
2938
2998
2939
2999
2940
3000
2941
3001
2942
3002
2943
3003
2944
3004
2945
3005
2946
3006
2947
3007
2948
3008
2949
3009
2950
3010
2951
3011
2952
3012
2953
3013
2954
3014
2955
3015
2956
3016
2957
3017
2958
3018
2959
3019
2960
3020
2961
3021
2962
3022
2963
3023
2964
3024
2965
3025
2966
3026
2967
3027
2968
3028
2969
3029
2970
3030
2971
3031
2972
3032
2973
3033
2974
3034
2975
3035
2976
3036
2977
3037
2978
3038
2979
3039
2980
3040
2981
3041
2982
3042
2983
3043
2984
3044
2985
3045
2986
3046
2987
3047
2988
3048
3049
2990
3050
2991
3051
2992
3052
2993
3053
2994
3054
2995
3055
2996
3056
2997
3057
2998
3058
2999
3059
3000
3060
3001
3061
3002
3062
3003
3063
3004
3064
3005
3065
3006
3066
3007
3067
3008
3068
3009
3069
3010
3070
3011
3071
3012
3072
3013
3073
3014
3074
3015
3075
3016
3076
3017
3077
3018
3078
3019
3079
3020
3080
3021
3081
3022
3082
3023
3083
3024
3084
3025
3085
3026
3086
3027
3087
3028
3088
3029
3089
3030
3090
3031
3091
3032
3092
3033
3093
3034
3094
3035
3095
3036
3096
3037
3097
3038
3098
3039
3099
3040
3100
3041
3101
3042
3102
3043
3103
3044
3104
3045
3105
3046
3106
3047
3107
3048
3108
3049
3109
3110
3051
3111
3052
3112
3053
3113
3054
3114
3055
3115
3056
3116
3057
3117
3058
3118
3059
3119
3060
3120
3061
3121
3062
3122
3063
3123
3064
3124
3065
3125
3066
3126
3067
3127
3068
3128
3069
3129
3070
3130
3071
3131
3072
3132
3073
3133
3074
3134
3075
3135
3076
3136
3077
3137
3078
3138
3079
3139
3080
3140
3081
3141
3082
3142
3083
3143
3084
3144
3085
3145
3086
3146
3087
3147
3088
3148
3089
3149
3090
3150
3091
3151
3092
3152
3093
3153
3094
3154
3095
3155
3096
3156
3097
3157
3098
3158
3099
3159
3100
3160
3101
3161
3102
3162
3103
3163
3104
3164
3105
3165
3106
3166
3107
3167
3108
3168
3109
3169
3110
3170
3171
3112
3172
3113
3173
3114
3174
3115
3175
3116
3176
3117
3177
3118
3178
3119
3179
3120
3180
3121
3181
3122
3182
3123
3183
3124
3184
3125
3185
3126
3186
3127
3187
3128
3188
3129
3189
3130
3190
3131
3191
3132
3192
3133
3193
3134
3194
3135
3195
3136
3196
3137
3197
3138
3198
3139
3199
3140
3200
3141
3201
3142
3202
3143
3203
3144
3204
3145
3205
3146
3206
3147
3207
3148
3208
3149
3209
3150
3210
3151
3211
3152
3212
3153
3213
3154
3214
3155
3215
3156
3216
3157
3217
3158
3218
3159
3219
3160
3220
3161
3221
3162
3222
3163
3223
3164
3224
3165
3225
3166
3226
3167
3227
3168
3228
3169
3229
3170
3230
3171
3231
3232
3173
3233
3174
3234
3175
3235
3176
3236
3177
3237
3178
3238
3179
3239
3180
3240
3181
3241
3182
3242
3183
3243
3184
3244
3185
3245
3186
3246
3187
3247
3188
3248
3189
3249
3190
3250
3191
3251
3192
3252
3193
3253
3194
3254
3195
3255
3196
3256
3197
3257
3198
3258
3199
3259
3200
3260
3201
3261
3202
3262
3203
3263
3204
3264
3205
3265
3206
3266
3207
3267
3208
3268
3209
3269
3210
3270
3211
3271
3212
3272
3213
3273
3214
3274
3215
3275
3216
3276
3217
3277
3218
3278
3219
3279
3220
3280
3221
3281
3222
3282
3223
3283
3224
3284
3225
3285
3226
3286
3227
3287
3228
3288
3229
3289
3230
3290
3231
3291
3232
3292
3293
3234
3294
3235
3295
3236
3296
3237
3297
3238
3298
3239
3299
3240
3300
3241
3301
3242
3302
3243
3303
3244
3304
3245
3305
3246
3306
3247
3307
3248
3308
3249
3309
3250
3310
3251
3311
3252
3312
3253
3313
3254
3314
3255
3315
3256
3316
3257
3317
3258
3318
3259
3319
3260
3320
3261
3321
3262
3322
3263
3323
3264
3324
3265
3325
3266
3326
3267
3327
3268
3328
3269
3329
3270
3330
3271
3331
3272
3332
3273
3333
3274
3334
3275
3335
3276
3336
3277
3337
3278
3338
3279
3339
3280
3340
3281
3341
3282
3342
3283
3343
3284
3344
3285
3345
3286
3346
3287
3347
3288
3348
3289
3349
3290
3350
3291
3351
3292
3352
3293
3353
3354
3295
3355
3296
3356
3297
3357
3298
3358
3299
3359
3300
3360
3301
3361
3302
3362
3303
3363
3304
3364
3305
3365
3306
3366
3307
3367
3308
3368
3309
3369
3310
3370
3311
3371
3312
3372
3313
3373
3314
3374
3315
3375
3316
3376
3317
3377
3318
3378
3319
3379
3320
3380
3321
3381
3322
3382
3323
3383
3324
3384
3325
3385
3326
3386
3327
3387
3328
3388
3329
3389
3330
3390
3331
3391
3332
3392
3333
3393
3334
3394
3335
3395
3336
3396
3337
3397
3338
3398
3339
3399
3340
3400
3341
3401
3342
3402
3343
3403
3344
3404
3345
3405
3346
3406
3347
3407
3348
3408
3349
3409
3350
3410
3351
3411
3352
3412
3353
3413
3354
3414
3415
3356
3416
3357
3417
3358
3418
3359
3419
3360
3420
3361
3421
3362
3422
3363
3423
3364
3424
3365
3425
3366
3426
3367
3427
3368
3428
3369
3429
3370
3430
3371
3431
3372
3432
3373
3433
3374
3434
3375
3435
3376
3436
3377
3437
3378
3438
3379
3439
3380
3440
3381
3441
3382
3442
3383
3443
3384
3444
3385
3445
3386
3446
3387
3447
3388
3448
3389
3449
3390
3450
3391
3451
3392
3452
3393
3453
3394
3454
3395
3455
3396
3456
3397
3457
3398
3458
3399
3459
3400
3460
3401
3461
3402
3462
3403
3463
3404
3464
3405
3465
3406
3466
3407
3467
3408
3468
3409
3469
3410
3470
3411
3471
3412
3472
3413
3473
3414
3474
3415
3475
3476
3417
3477
3418
3478
3419
3479
3420
3480
3421
3481
3422
3482
3423
3483
3424
3484
3425
3485
3426
3486
3427
3487
3428
3488
3429
3489
3430
3490
3431
3491
3432
3492
3433
3493
3434
3494
3435
3495
3436
3496
3437
3497
3438
3498
3439
3499
3440
3500
3441
3501
3442
3502
3443
3503
3444
3504
3445
3505
3446
3506
3447
3507
3448
3508
3449
3509
3450
3510
3451
3511
3452
3512
3453
3513
3454
3514
3455
3515
3456
3516
3457
3517
3458
3518
3459
3519
3460
3520
3461
3521
3462
3522
3463
3523
3464
3524
3465
3525
3466
3526
3467
3527
3468
3528
3469
3529
3470
3530
3471
3531
3472
3532
3473
3533
3474
3534
3475
3535
3476
3536
3537
3478
3538
3479
3539
3480
3540
3481
3541
3482
3542
3483
3543
3484
3544
3485
3545
3486
3546
3487
3547
3488
3548
3489
3549
3490
3550
3491
3551
3492
3552
3493
3553
3494
3554
3495
3555
3496
3556
3497
3557
3498
3558
3499
3559
3500
3560
3501
3561
3502
3562
3503
3563
3504
3564
3505
3565
3506
3566
3507
3567
3508
3568
3509
3569
3510
3570
3511
3571
3512
3572
3513
3573
3514
3574
3515
3575
3516
3576
3517
3577
3518
3578
3519
3579
3520
3580
3521
3581
3522
3582
3523
3583
3524
3584
3525
3585
3526
3586
3527
3587
3528
3588
3529
3589
3530
3590
3531
3591
3532
3592
3533
3593
3534
3594
3535
3595
3536
3596
3537
3597
3598
3539
3599
3540
3600
3541
3601
3542
3602
3543
3603
3544
3604
3545
3605
3546
3606
3547
3607
3548
3608
3549
3609
3550
3610
3551
3611
3552
3612
3553
3613
3554
3614
3555
3615
3556
3616
3557
3617
3558
3618
3559
3619
3560
3620
3561
3621
3562
3622
3563
3623
3564
3624
3565
3625
3566
3626
3567
3627
3568
3628
3569
3629
3570
3630
3571
3631
3572
3632
3573
3633
3574
3634
3575
3635
3576
3636
3577
3637
3578
3638
3579
3639
3580
3640
3581
3641
3582
3642
3583
3643
3584
3644
3585
3645
3586
3646
3587
3647
3588
3648
3589
3649
3590
3650
3591
3651
3592
3652
3593
3653
3594
3654
3595
3655
3596
3656
3597
3657
3598
3658
3659
3600
3660
3601
3661
3602
3662
3603
3663
3604
3664
3605
3665
3606
3666
3607
3667
3608
3668
3609
3669
3610
3670
3611
3671
3612
3672
3613
3673
3614
3674
3615
3675
3616
3676
3617
3677
3618
3678
3619
3679
3620
3680
3621
3681
3622
3682
3623
3683
3624
3684
3625
3685
3626
3686
3627
3687
3628
3688
3629
3689
3630
3690
3631
3691
3632
3692
3633
3693
3634
3694
3635
3695
3636
3696
3637
3697
3638
3698
3639
3699
3640
3700
3641
3701
3642
3702
3643
3703
3644
3704
3645
3705
3646
3706
3647
3707
3648
3708
3649
3709
3650
3710
3651
3711
3652
3712
3653
3713
3654
3714
3655
3715
3656
3716
3657
3717
3658
3718
3659
3719
3720
3661
3721
3662
3722
3663
3723
3664
3724
3665
3725
3666
3726
3667
3727
3668
3728
3669
3729
3670
3730
3671
3731
3672
3732
3673
3733
3674
3734
3675
3735
3676
3736
3677
3737
3678
3738
3679
3739
3680
3740
3681
3741
3682
3742
3683
3743
3684
3744
3685
3745
3686
3746
3687
3747
3688
3748
3689
3749
3690
3750
3691
3751
3692
3752
3693
3753
3694
3754
3695
3755
3696
3756
3697
3757
3698
3758
3699
3759
3700
3760
3701
3761
3702
3762
3703
3763
3704
3764
3705
3765
3706
3766
3707
3767
3708
3768
3709
3769
3710
3770
3711
3771
3712
3772
3713
3773
3714
3774
3715
3775
3716
3776
3717
3777
3718
3778
3719
3779
3720
3780
3781
3722
3782
3723
3783
3724
3784
3725
3785
3726
3786
3727
3787
3728
3788
3729
3789
3730
3790
3731
3791
3732
3792
3733
3793
3734
3794
3735
3795
3736
3796
3737
3797
3738
3798
3739
3799
3740
3800
3741
3801
3742
3802
3743
3803
3744
3804
3745
3805
3746
3806
3747
3807
3748
3808
3749
3809
3750
3810
3751
3811
3752
3812
3753
3813
3754
3814
3755
3815
3756
3816
3757
3817
3758
3818
3759
3819
3760
3820
3761
3821
3762
3822
3763
3823
3764
3824
3765
3825
3766
3826
3767
3827
3768
3828
3769
3829
3770
3830
3771
3831
3772
3832
3773
3833
3774
3834
3775
3835
3776
3836
3777
3837
3778
3838
3779
3839
3780
3840
3781
3841
3842
3783
3843
3784
3844
3785
3845
3786
3846
3787
3847
3788
3848
3789
3849
3790
3850
3791
3851
3792
3852
3793
3853
3794
3854
3795
3855
3796
3856
3797
3857
3798
3858
3799
3859
3800
3860
3801
3861
3802
3862
3803
3863
3804
3864
3805
3865
3806
3866
3807
3867
3808
3868
3809
3869
3810
3870
3811
3871
3812
3872
3813
3873
3814
3874
3815
3875
3816
3876
3817
3877
3818
3878
3819
3879
3820
3880
3821
3881
3822
3882
3823
3883
3824
3884
3825
3885
3826
3886
3827
3887
3828
3888
3829
3889
3830
3890
3831
3891
3832
3892
3833
3893
3834
3894
3835
3895
3836
3896
3837
3897
3838
3898
3839
3899
3840
3900
3841
3901
3842
3902
3903
3844
3904
3845
3905
3846
3906
3847
3907
3848
3908
3849
3909
3850
3910
3851
3911
3852
3912
3853
3913
3854
3914
3855
3915
3856
3916
3857
3917
3858
3918
3859
3919
3860
3920
3861
3921
3862
3922
3863
3923
3864
3924
3865
3925
3866
3926
3867
3927
3868
3928
3869
3929
3870
3930
3871
3931
3872
3932
3873
3933
3874
3934
3875
3935
3876
3936
3877
3937
3878
3938
3879
3939
3880
3940
3881
3941
3882
3942
3883
3943
3884
3944
3885
3945
3886
3946
3887
3947
3888
3948
3889
3949
3890
3950
3891
3951
3892
3952
3893
3953
3894
3954
3895
3955
3896
3956
3897
3957
3898
3958
3899
3959
3900
3960
3901
3961
3902
3962
3903
3963
3964
3905
3965
3906
3966
3907
3967
3908
3968
3909
3969
3910
3970
3911
3971
3912
3972
3913
3973
3914
3974
3915
3975
3916
3976
3917
3977
3918
3978
3919
3979
3920
3980
3921
3981
3922
3982
3923
3983
3924
3984
3925
3985
3926
3986
3927
3987
3928
3988
3929
3989
3930
3990
3931
3991
3932
3992
3933
3993
3934
3994
3935
3995
3936
3996
3937
3997
3938
3998
3939
3999
3940
4000
3941
4001
3942
4002
3943
4003
3944
4004
3945
4005
3946
4006
3947
4007
3948
4008
3949
4009
3950
4010
3951
4011
3952
4012
3953
4013
3954
4014
3955
4015
3956
4016
3957
4017
3958
4018
3959
4019
3960
4020
3961
4021
3962
4022
3963
4023
3964
4024
4025
3966
4026
3967
4027
3968
4028
3969
4029
3970
4030
3971
4031
3972
4032
3973
4033
3974
4034
3975
4035
3976
4036
3977
4037
3978
4038
3979
4039
3980
4040
3981
4041
3982
4042
3983
4043
3984
4044
3985
4045
3986
4046
3987
4047
3988
4048
3989
4049
3990
4050
3991
4051
3992
4052
3993
4053
3994
4054
3995
4055
3996
4056
3997
4057
3998
4058
3999
4059
4000
4060
4001
4061
4002
4062
4003
4063
4004
4064
4005
4065
4006
4066
4007
4067
4008
4068
4009
4069
4010
4070
4011
4071
4012
4072
4013
4073
4014
4074
4015
4075
4016
4076
4017
4077
4018
4078
4019
4079
4020
4080
4021
4081
4022
4082
4023
4083
4024
4084
4025
4085
4086
4027
4087
4028
4088
4029
4089
4030
4090
4031
4091
4032
4092
4033
4093
4034
4094
4035
4095
4036
4096
4037
4097
4038
4098
4039
4099
4040
4100
4041
4101
4042
4102
4043
4103
4044
4104
4045
4105
4046
4106
4047
4107
4048
4108
4049
4109
4050
4110
4051
4111
4052
4112
4053
4113
4054
4114
4055
4115
4056
4116
4057
4117
4058
4118
4059
4119
4060
4120
4061
4121
4062
4122
4063
4123
4064
4124
4065
4125
4066
4126
4067
4127
4068
4128
4069
4129
4070
4130
4071
4131
4072
4132
4073
4133
4074
4134
4075
4135
4076
4136
4077
4137
4078
4138
4079
4139
4080
4140
4081
4141
4082
4142
4083
4143
4084
4144
4085
4145
4086
4146
4147
4088
4148
4089
4149
4090
4150
4091
4151
4092
4152
4093
4153
4094
4154
4095
4155
4096
4156
4097
4157
4098
4158
4099
4159
4100
4160
4101
4161
4102
4162
4103
4163
4104
4164
4105
4165
4106
4166
4107
4167
4108
4168
4109
4169
4110
4170
4111
4171
4112
4172
4113
4173
4114
4174
4115
4175
4116
4176
4117
4177
4118
4178
4119
4179
4120
4180
4121
4181
4122
4182
4123
4183
4124
4184
4125
4185
4126
4186
4127
4187
4128
4188
4129
4189
4130
4190
4131
4191
4132
4192
4133
4193
4134
4194
4135
4195
4136
4196
4137
4197
4138
4198
4139
4199
4140
4200
4141
4201
4142
4202
4143
4203
4144
4204
4145
4205
4146
4206
4147
4207
4208
4149
4209
4150
4210
4151
4211
4152
4212
4153
4213
4154
4214
4155
4215
4156
4216
4157
4217
4158
4218
4159
4219
4160
4220
4161
4221
4162
4222
4163
4223
4164
4224
4165
4225
4166
4226
4167
4227
4168
4228
4169
4229
4170
4230
4171
4231
4172
4232
4173
4233
4174
4234
4175
4235
4176
4236
4177
4237
4178
4238
4179
4239
4180
4240
4181
4241
4182
4242
4183
4243
4184
4244
4185
4245
4186
4246
4187
4247
4188
4248
4189
4249
4190
4250
4191
4251
4192
4252
4193
4253
4194
4254
4195
4255
4196
4256
4197
4257
4198
4258
4199
4259
4200
4260
4201
4261
4202
4262
4203
4263
4204
4264
4205
4265
4206
4266
4207
4267
4208
4268
4269
4210
4270
4211
4271
4212
4272
4213
4273
4214
4274
4215
4275
4216
4276
4217
4277
4218
4278
4219
4279
4220
4280
4221
4281
4222
4282
4223
4283
4224
4284
4225
4285
4226
4286
4227
4287
4228
4288
4229
4289
4230
4290
4231
4291
4232
4292
4233
4293
4234
4294
4235
4295
4236
4296
4237
4297
4238
4298
4239
4299
4240
4300
4241
4301
4242
4302
4243
4303
4244
4304
4245
4305
4246
4306
4247
4307
4248
4308
4249
4309
4250
4310
4251
4311
4252
4312
4253
4313
4254
4314
4255
4315
4256
4316
4257
4317
4258
4318
4259
4319
4260
4320
4261
4321
4262
4322
4263
4323
4264
4324
4265
4325
4266
4326
4267
4327
4268
4328
4269
4329
4330
4271
4331
4272
4332
4273
4333
4274
4334
4275
4335
4276
4336
4277
4337
4278
4338
4279
4339
4280
4340
4281
4341
4282
4342
4283
4343
4284
4344
4285
4345
4286
4346
4287
4347
4288
4348
4289
4349
4290
4350
4291
4351
4292
4352
4293
4353
4294
4354
4295
4355
4296
4356
4297
4357
4298
4358
4299
4359
4300
4360
4301
4361
4302
4362
4303
4363
4304
4364
4305
4365
4306
4366
4307
4367
4308
4368
4309
4369
4310
4370
4311
4371
4312
4372
4313
4373
4314
4374
4315
4375
4316
4376
4317
4377
4318
4378
4319
4379
4320
4380
4321
4381
4322
4382
4323
4383
4324
4384
4325
4385
4326
4386
4327
4387
4328
4388
4329
4389
4330
4390
4391
4332
4392
4333
4393
4334
4394
4335
4395
4336
4396
4337
4397
4338
4398
4339
4399
4340
4400
4341
4401
4342
4402
4343
4403
4344
4404
4345
4405
4346
4406
4347
4407
4348
4408
4349
4409
4350
4410
4351
4411
4352
4412
4353
4413
4354
4414
4355
4415
4356
4416
4357
4417
4358
4418
4359
4419
4360
4420
4361
4421
4362
4422
4363
4423
4364
4424
4365
4425
4366
4426
4367
4427
4368
4428
4369
4429
4370
4430
4371
4431
4372
4432
4373
4433
4374
4434
4375
4435
4376
4436
4377
4437
4378
4438
4379
4439
4380
4440
4381
4441
4382
4442
4383
4443
4384
4444
4385
4445
4386
4446
4387
4447
4388
4448
4389
4449
4390
4450
4391
4451
4452
4393
4453
4394
4454
4395
4455
4396
4456
4397
4457
4398
4458
4399
4459
4400
4460
4401
4461
4402
4462
4403
4463
4404
4464
4405
4465
4406
4466
4407
4467
4408
4468
4409
4469
4410
4470
4411
4471
4412
4472
4413
4473
4414
4474
4415
4475
4416
4476
4417
4477
4418
4478
4419
4479
4420
4480
4421
4481
4422
4482
4423
4483
4424
4484
4425
4485
4426
4486
4427
4487
4428
4488
4429
4489
4430
4490
4431
4491
4432
4492
4433
4493
4434
4494
4435
4495
4436
4496
4437
4497
4438
4498
4439
4499
4440
4500
4441
4501
4442
4502
4443
4503
4444
4504
4445
4505
4446
4506
4447
4507
4448
4508
4449
4509
4450
4510
4451
4511
4452
4512
4513
4454
4514
4455
4515
4456
4516
4457
4517
4458
4518
4459
4519
4460
4520
4461
4521
4462
4522
4463
4523
4464
4524
4465
4525
4466
4526
4467
4527
4468
4528
4469
4529
4470
4530
4471
4531
4472
4532
4473
4533
4474
4534
4475
4535
4476
4536
4477
4537
4478
4538
4479
4539
4480
4540
4481
4541
4482
4542
4483
4543
4484
4544
4485
4545
4486
4546
4487
4547
4488
4548
4489
4549
4490
4550
4491
4551
4492
4552
4493
4553
4494
4554
4495
4555
4496
4556
4497
4557
4498
4558
4499
4559
4500
4560
4501
4561
4502
4562
4503
4563
4504
4564
4505
4565
4506
4566
4507
4567
4508
4568
4509
4569
4510
4570
4511
4571
4512
4572
4513
4573
4574
4515
4575
4516
4576
4517
4577
4518
4578
4519
4579
4520
4580
4521
4581
4522
4582
4523
4583
4524
4584
4525
4585
4526
4586
4527
4587
4528
4588
4529
4589
4530
4590
4531
4591
4532
4592
4533
4593
4534
4594
4535
4595
4536
4596
4537
4597
4538
4598
4539
4599
4540
4600
4541
4601
4542
4602
4543
4603
4544
4604
4545
4605
4546
4606
4547
4607
4548
4608
4549
4609
4550
4610
4551
4611
4552
4612
4553
4613
4554
4614
4555
4615
4556
4616
4557
4617
4558
4618
4559
4619
4560
4620
4561
4621
4562
4622
4563
4623
4564
4624
4565
4625
4566
4626
4567
4627
4568
4628
4569
4629
4570
4630
4571
4631
4572
4632
4573
4633
4574
4634
4635
4576
4636
4577
4637
4578
4638
4579
4639
4580
4640
4581
4641
4582
4642
4583
4643
4584
4644
4585
4645
4586
4646
4587
4647
4588
4648
4589
4649
4590
4650
4591
4651
4592
4652
4593
4653
4594
4654
4595
4655
4596
4656
4597
4657
4598
4658
4599
4659
4600
4660
4601
4661
4602
4662
4603
4663
4604
4664
4605
4665
4606
4666
4607
4667
4608
4668
4609
4669
4610
4670
4611
4671
4612
4672
4613
4673
4614
4674
4615
4675
4616
4676
4617
4677
4618
4678
4619
4679
4620
4680
4621
4681
4622
4682
4623
4683
4624
4684
4625
4685
4626
4686
4627
4687
4628
4688
4629
4689
4630
4690
4631
4691
4632
4692
4633
4693
4634
4694
4635
4695
4696
4637
4697
4638
4698
4639
4699
4640
4700
4641
4701
4642
4702
4643
4703
4644
4704
4645
4705
4646
4706
4647
4707
4648
4708
4649
4709
4650
4710
4651
4711
4652
4712
4653
4713
4654
4714
4655
4715
4656
4716
4657
4717
4658
4718
4659
4719
4660
4720
4661
4721
4662
4722
4663
4723
4664
4724
4665
4725
4666
4726
4667
4727
4668
4728
4669
4729
4670
4730
4671
4731
4672
4732
4673
4733
4674
4734
4675
4735
4676
4736
4677
4737
4678
4738
4679
4739
4680
4740
4681
4741
4682
4742
4683
4743
4684
4744
4685
4745
4686
4746
4687
4747
4688
4748
4689
4749
4690
4750
4691
4751
4692
4752
4693
4753
4694
4754
4695
4755
4696
4756
4757
4698
4758
4699
4759
4700
4760
4701
4761
4702
4762
4703
4763
4704
4764
4705
4765
4706
4766
4707
4767
4708
4768
4709
4769
4710
4770
4711
4771
4712
4772
4713
4773
4714
4774
4715
4775
4716
4776
4717
4777
4718
4778
4719
4779
4720
4780
4721
4781
4722
4782
4723
4783
4724
4784
4725
4785
4726
4786
4727
4787
4728
4788
4729
4789
4730
4790
4731
4791
4732
4792
4733
4793
4734
4794
4735
4795
4736
4796
4737
4797
4738
4798
4739
4799
4740
4800
4741
4801
4742
4802
4743
4803
4744
4804
4745
4805
4746
4806
4747
4807
4748
4808
4749
4809
4750
4810
4751
4811
4752
4812
4753
4813
4754
4814
4755
4815
4756
4816
4757
4817
4818
4759
4819
4760
4820
4761
4821
4762
4822
4763
4823
4764
4824
4765
4825
4766
4826
4767
4827
4768
4828
4769
4829
4770
4830
4771
4831
4772
4832
4773
4833
4774
4834
4775
4835
4776
4836
4777
4837
4778
4838
4779
4839
4780
4840
4781
4841
4782
4842
4783
4843
4784
4844
4785
4845
4786
4846
4787
4847
4788
4848
4789
4849
4790
4850
4791
4851
4792
4852
4793
4853
4794
4854
4795
4855
4796
4856
4797
4857
4798
4858
4799
4859
4800
4860
4801
4861
4802
4862
4803
4863
4804
4864
4805
4865
4806
4866
4807
4867
4808
4868
4809
4869
4810
4870
4811
4871
4812
4872
4813
4873
4814
4874
4815
4875
4816
4876
4817
4877
4818
4878
4879
4820
4880
4821
4881
4822
4882
4823
4883
4824
4884
4825
4885
4826
4886
4827
4887
4828
4888
4829
4889
4830
4890
4831
4891
4832
4892
4833
4893
4834
4894
4835
4895
4836
4896
4837
4897
4838
4898
4839
4899
4840
4900
4841
4901
4842
4902
4843
4903
4844
4904
4845
4905
4846
4906
4847
4907
4848
4908
4849
4909
4850
4910
4851
4911
4852
4912
4853
4913
4854
4914
4855
4915
4856
4916
4857
4917
4858
4918
4859
4919
4860
4920
4861
4921
4862
4922
4863
4923
4864
4924
4865
4925
4866
4926
4867
4927
4868
4928
4869
4929
4870
4930
4871
4931
4872
4932
4873
4933
4874
4934
4875
4935
4876
4936
4877
4937
4878
4938
4879
4939
4940
4881
4941
4882
4942
4883
4943
4884
4944
4885
4945
4886
4946
4887
4947
4888
4948
4889
4949
4890
4950
4891
4951
4892
4952
4893
4953
4894
4954
4895
4955
4896
4956
4897
4957
4898
4958
4899
4959
4900
4960
4901
4961
4902
4962
4903
4963
4904
4964
4905
4965
4906
4966
4907
4967
4908
4968
4909
4969
4910
4970
4911
4971
4912
4972
4913
4973
4914
4974
4915
4975
4916
4976
4917
4977
4918
4978
4919
4979
4920
4980
4921
4981
4922
4982
4923
4983
4924
4984
4925
4985
4926
4986
4927
4987
4928
4988
4929
4989
4930
4990
4931
4991
4932
4992
4933
4993
4934
4994
4935
4995
4936
4996
4937
4997
4938
4998
4939
4999
4940
5000
5001
4942
5002
4943
5003
4944
5004
4945
5005
4946
5006
4947
5007
4948
5008
4949
5009
4950
5010
4951
5011
4952
5012
4953
5013
4954
5014
4955
5015
4956
5016
4957
5017
4958
5018
4959
5019
4960
5020
4961
5021
4962
5022
4963
5023
4964
5024
4965
5025
4966
5026
4967
5027
4968
5028
4969
5029
4970
5030
4971
5031
4972
5032
4973
5033
4974
5034
4975
5035
4976
5036
4977
5037
4978
5038
4979
5039
4980
5040
4981
5041
4982
5042
4983
5043
4984
5044
4985
5045
4986
5046
4987
5047
4988
5048
4989
5049
4990
5050
4991
5051
4992
5052
4993
5053
4994
5054
4995
5055
4996
5056
4997
5057
4998
5058
4999
5059
5000
5060
5001
5061
5062
5003
5063
5004
5064
5005
5065
5006
5066
5007
5067
5008
5068
5009
5069
5010
5070
5011
5071
5012
5072
5013
5073
5014
5074
5015
5075
5016
5076
5017
5077
5018
5078
5019
5079
5020
5080
5021
5081
5022
5082
5023
5083
5024
5084
5025
5085
5026
5086
5027
5087
5028
5088
5029
5089
5030
5090
5031
5091
5032
5092
5033
5093
5034
5094
5035
5095
5036
5096
5037
5097
5038
5098
5039
5099
5040
5100
5041
5101
5042
5102
5043
5103
5044
5104
5045
5105
5046
5106
5047
5107
5048
5108
5049
5109
5050
5110
5051
5111
5052
5112
5053
5113
5054
5114
5055
5115
5056
5116
5057
5117
5058
5118
5059
5119
5060
5120
5061
5121
5062
5122
5123
5064
5124
5065
5125
5066
5126
5067
5127
5068
5128
5069
5129
5070
5130
5071
5131
5072
5132
5073
5133
5074
5134
5075
5135
5076
5136
5077
5137
5078
5138
5079
5139
5080
5140
5081
5141
5082
5142
5083
5143
5084
5144
5085
5145
5086
5146
5087
5147
5088
5148
5089
5149
5090
5150
5091
5151
5092
5152
5093
5153
5094
5154
5095
5155
5096
5156
5097
5157
5098
5158
5099
5159
5100
5160
5101
5161
5102
5162
5103
5163
5104
5164
5105
5165
5106
5166
5107
5167
5108
5168
5109
5169
5110
5170
5111
5171
5112
5172
5113
5173
5114
5174
5115
5175
5116
5176
5117
5177
5118
5178
5119
5179
5120
5180
5121
5181
5122
5182
5123
5183
5184
5125
5185
5126
5186
5127
5187
5128
5188
5129
5189
5130
5190
5131
5191
5132
5192
5133
5193
5134
5194
5135
5195
5136
5196
5137
5197
5138
5198
5139
5199
5140
5200
5141
5201
5142
5202
5143
5203
5144
5204
5145
5205
5146
5206
5147
5207
5148
5208
5149
5209
5150
5210
5151
5211
5152
5212
5153
5213
5154
5214
5155
5215
5156
5216
5157
5217
5158
5218
5159
5219
5160
5220
5161
5221
5162
5222
5163
5223
5164
5224
5165
5225
5166
5226
5167
5227
5168
5228
5169
5229
5170
5230
5171
5231
5172
5232
5173
5233
5174
5234
5175
5235
5176
5236
5177
5237
5178
5238
5179
5239
5180
5240
5181
5241
5182
5242
5183
5243
5184
5244
5245
5186
5246
5187
5247
5188
5248
5189
5249
5190
5250
5191
5251
5192
5252
5193
5253
5194
5254
5195
5255
5196
5256
5197
5257
5198
5258
5199
5259
5200
5260
5201
5261
5202
5262
5203
5263
5204
5264
5205
5265
5206
5266
5207
5267
5208
5268
5209
5269
5210
5270
5211
5271
5212
5272
5213
5273
5214
5274
5215
5275
5216
5276
5217
5277
5218
5278
5219
5279
5220
5280
5221
5281
5222
5282
5223
5283
5224
5284
5225
5285
5226
5286
5227
5287
5228
5288
5229
5289
5230
5290
5231
5291
5232
5292
5233
5293
5234
5294
5235
5295
5236
5296
5237
5297
5238
5298
5239
5299
5240
5300
5241
5301
5242
5302
5243
5303
5244
5304
5245
5305
5306
5247
5307
5248
5308
5249
5309
5250
5310
5251
5311
5252
5312
5253
5313
5254
5314
5255
5315
5256
5316
5257
5317
5258
5318
5259
5319
5260
5320
5261
5321
5262
5322
5263
5323
5264
5324
5265
5325
5266
5326
5267
5327
5268
5328
5269
5329
5270
5330
5271
5331
5272
5332
5273
5333
5274
5334
5275
5335
5276
5336
5277
5337
5278
5338
5279
5339
5280
5340
5281
5341
5282
5342
5283
5343
5284
5344
5285
5345
5286
5346
5287
5347
5288
5348
5289
5349
5290
5350
5291
5351
5292
5352
5293
5353
5294
5354
5295
5355
5296
5356
5297
5357
5298
5358
5299
5359
5300
5360
5301
5361
5302
5362
5303
5363
5304
5364
5305
5365
5306
5366
5367
5308
5309
5310
5311
5312
5313
5314
5315
5316
5317
5318
5319
5320
5321
5322
5323
5324
5325
5326
5327
5328
5329
5330
5331
5332
5333
5334
5335
5336
5337
5338
5339
5340
5341
5342
5343
5344
5345
5346
5347
5348
5349
5350
5351
5352
5353
5354
5355
5356
5357
5358
5359
5360
5361
5362
5363
5364
5365
5366
5367
)


// ************************************************************************* //
