/*--------------------------------*- C++ -*----------------------------------*\
  =========                 |
  \\      /  F ield         | OpenFOAM: The Open Source CFD Toolbox
   \\    /   O peration     | Website:  https://openfoam.org
    \\  /    A nd           | Version:  7
     \\/     M anipulation  |
\*---------------------------------------------------------------------------*/
FoamFile
{
    version     2.0;
    format      ascii;
    class       vectorField;
    location    "constant/polyMesh";
    object      points;
}
// * * * * * * * * * * * * * * * * * * * * * * * * * * * * * * * * * * * * * //


996
(
(0 0 0)
(0.08 0 0)
(0 0.08 0)
(0.08 0.08 0)
(0 0 0.0025)
(0.08 0 0.0025)
(0 0.08 0.0025)
(0.08 0.08 0.0025)
(0 0 0.005)
(0.08 0 0.005)
(0 0.08 0.005)
(0.08 0.08 0.005)
(0 0 0.0075)
(0.08 0 0.0075)
(0 0.08 0.0075)
(0.08 0.08 0.0075)
(0 0 0.01)
(0.08 0 0.01)
(0 0.08 0.01)
(0.08 0.08 0.01)
(0 0 0.0125)
(0.08 0 0.0125)
(0 0.08 0.0125)
(0.08 0.08 0.0125)
(0 0 0.015)
(0.08 0 0.015)
(0 0.08 0.015)
(0.08 0.08 0.015)
(0 0 0.0175)
(0.08 0 0.0175)
(0 0.08 0.0175)
(0.08 0.08 0.0175)
(0 0 0.02)
(0.08 0 0.02)
(0 0.08 0.02)
(0.08 0.08 0.02)
(0 0 0.0225)
(0.08 0 0.0225)
(0 0.08 0.0225)
(0.08 0.08 0.0225)
(0 0 0.025)
(0.08 0 0.025)
(0 0.08 0.025)
(0.08 0.08 0.025)
(0 0 0.0275)
(0.08 0 0.0275)
(0 0.08 0.0275)
(0.08 0.08 0.0275)
(0 0 0.03)
(0.08 0 0.03)
(0 0.08 0.03)
(0.08 0.08 0.03)
(0 0 0.0325)
(0.08 0 0.0325)
(0 0.08 0.0325)
(0.08 0.08 0.0325)
(0 0 0.035)
(0.08 0 0.035)
(0 0.08 0.035)
(0.08 0.08 0.035)
(0 0 0.0375)
(0.08 0 0.0375)
(0 0.08 0.0375)
(0.08 0.08 0.0375)
(0 0 0.04)
(0.08 0 0.04)
(0 0.08 0.04)
(0.08 0.08 0.04)
(0 0 0.0425)
(0.08 0 0.0425)
(0 0.08 0.0425)
(0.08 0.08 0.0425)
(0 0 0.045)
(0.08 0 0.045)
(0 0.08 0.045)
(0.08 0.08 0.045)
(0 0 0.0475)
(0.08 0 0.0475)
(0 0.08 0.0475)
(0.08 0.08 0.0475)
(0 0 0.05)
(0.08 0 0.05)
(0 0.08 0.05)
(0.08 0.08 0.05)
(0 0 0.0525)
(0.08 0 0.0525)
(0 0.08 0.0525)
(0.08 0.08 0.0525)
(0 0 0.055)
(0.08 0 0.055)
(0 0.08 0.055)
(0.08 0.08 0.055)
(0 0 0.0575)
(0.08 0 0.0575)
(0 0.08 0.0575)
(0.08 0.08 0.0575)
(0 0 0.06)
(0.08 0 0.06)
(0 0.08 0.06)
(0.08 0.08 0.06)
(0 0 0.0625)
(0.08 0 0.0625)
(0 0.08 0.0625)
(0.08 0.08 0.0625)
(0 0 0.065)
(0.08 0 0.065)
(0 0.08 0.065)
(0.08 0.08 0.065)
(0 0 0.0675)
(0.08 0 0.0675)
(0 0.08 0.0675)
(0.08 0.08 0.0675)
(0 0 0.07)
(0.08 0 0.07)
(0 0.08 0.07)
(0.08 0.08 0.07)
(0 0 0.0725)
(0.08 0 0.0725)
(0 0.08 0.0725)
(0.08 0.08 0.0725)
(0 0 0.075)
(0.08 0 0.075)
(0 0.08 0.075)
(0.08 0.08 0.075)
(0 0 0.0775)
(0.08 0 0.0775)
(0 0.08 0.0775)
(0.08 0.08 0.0775)
(0 0 0.08)
(0.08 0 0.08)
(0 0.08 0.08)
(0.08 0.08 0.08)
(0 0 0.0825)
(0.08 0 0.0825)
(0 0.08 0.0825)
(0.08 0.08 0.0825)
(0 0 0.085)
(0.08 0 0.085)
(0 0.08 0.085)
(0.08 0.08 0.085)
(0 0 0.0875)
(0.08 0 0.0875)
(0 0.08 0.0875)
(0.08 0.08 0.0875)
(0 0 0.09)
(0.08 0 0.09)
(0 0.08 0.09)
(0.08 0.08 0.09)
(0 0 0.0925)
(0.08 0 0.0925)
(0 0.08 0.0925)
(0.08 0.08 0.0925)
(0 0 0.095)
(0.08 0 0.095)
(0 0.08 0.095)
(0.08 0.08 0.095)
(0 0 0.0975)
(0.08 0 0.0975)
(0 0.08 0.0975)
(0.08 0.08 0.0975)
(0 0 0.1)
(0.08 0 0.1)
(0 0.08 0.1)
(0.08 0.08 0.1)
(0 0 0.1025)
(0.08 0 0.1025)
(0 0.08 0.1025)
(0.08 0.08 0.1025)
(0 0 0.105)
(0.08 0 0.105)
(0 0.08 0.105)
(0.08 0.08 0.105)
(0 0 0.1075)
(0.08 0 0.1075)
(0 0.08 0.1075)
(0.08 0.08 0.1075)
(0 0 0.11)
(0.08 0 0.11)
(0 0.08 0.11)
(0.08 0.08 0.11)
(0 0 0.1125)
(0.08 0 0.1125)
(0 0.08 0.1125)
(0.08 0.08 0.1125)
(0 0 0.115)
(0.08 0 0.115)
(0 0.08 0.115)
(0.08 0.08 0.115)
(0 0 0.1175)
(0.08 0 0.1175)
(0 0.08 0.1175)
(0.08 0.08 0.1175)
(0 0 0.12)
(0.08 0 0.12)
(0 0.08 0.12)
(0.08 0.08 0.12)
(0 0 0.1225)
(0.08 0 0.1225)
(0 0.08 0.1225)
(0.08 0.08 0.1225)
(0 0 0.125)
(0.08 0 0.125)
(0 0.08 0.125)
(0.08 0.08 0.125)
(0 0 0.1275)
(0.08 0 0.1275)
(0 0.08 0.1275)
(0.08 0.08 0.1275)
(0 0 0.13)
(0.08 0 0.13)
(0 0.08 0.13)
(0.08 0.08 0.13)
(0 0 0.1325)
(0.08 0 0.1325)
(0 0.08 0.1325)
(0.08 0.08 0.1325)
(0 0 0.135)
(0.08 0 0.135)
(0 0.08 0.135)
(0.08 0.08 0.135)
(0 0 0.1375)
(0.08 0 0.1375)
(0 0.08 0.1375)
(0.08 0.08 0.1375)
(0 0 0.14)
(0.08 0 0.14)
(0 0.08 0.14)
(0.08 0.08 0.14)
(0 0 0.1425)
(0.08 0 0.1425)
(0 0.08 0.1425)
(0.08 0.08 0.1425)
(0 0 0.145)
(0.08 0 0.145)
(0 0.08 0.145)
(0.08 0.08 0.145)
(0 0 0.1475)
(0.08 0 0.1475)
(0 0.08 0.1475)
(0.08 0.08 0.1475)
(0 0 0.15)
(0.08 0 0.15)
(0 0.08 0.15)
(0.08 0.08 0.15)
(0 0 0.1525)
(0.08 0 0.1525)
(0 0.08 0.1525)
(0.08 0.08 0.1525)
(0 0 0.155)
(0.08 0 0.155)
(0 0.08 0.155)
(0.08 0.08 0.155)
(0 0 0.1575)
(0.08 0 0.1575)
(0 0.08 0.1575)
(0.08 0.08 0.1575)
(0 0 0.16)
(0.08 0 0.16)
(0 0.08 0.16)
(0.08 0.08 0.16)
(0 0 0.1625)
(0.08 0 0.1625)
(0 0.08 0.1625)
(0.08 0.08 0.1625)
(0 0 0.165)
(0.08 0 0.165)
(0 0.08 0.165)
(0.08 0.08 0.165)
(0 0 0.1675)
(0.08 0 0.1675)
(0 0.08 0.1675)
(0.08 0.08 0.1675)
(0 0 0.17)
(0.08 0 0.17)
(0 0.08 0.17)
(0.08 0.08 0.17)
(0 0 0.1725)
(0.08 0 0.1725)
(0 0.08 0.1725)
(0.08 0.08 0.1725)
(0 0 0.175)
(0.08 0 0.175)
(0 0.08 0.175)
(0.08 0.08 0.175)
(0 0 0.1775)
(0.08 0 0.1775)
(0 0.08 0.1775)
(0.08 0.08 0.1775)
(0 0 0.18)
(0.08 0 0.18)
(0 0.08 0.18)
(0.08 0.08 0.18)
(0 0 0.1825)
(0.08 0 0.1825)
(0 0.08 0.1825)
(0.08 0.08 0.1825)
(0 0 0.185)
(0.08 0 0.185)
(0 0.08 0.185)
(0.08 0.08 0.185)
(0 0 0.1875)
(0.08 0 0.1875)
(0 0.08 0.1875)
(0.08 0.08 0.1875)
(0 0 0.19)
(0.08 0 0.19)
(0 0.08 0.19)
(0.08 0.08 0.19)
(0 0 0.1925)
(0.08 0 0.1925)
(0 0.08 0.1925)
(0.08 0.08 0.1925)
(0 0 0.195)
(0.08 0 0.195)
(0 0.08 0.195)
(0.08 0.08 0.195)
(0 0 0.1975)
(0.08 0 0.1975)
(0 0.08 0.1975)
(0.08 0.08 0.1975)
(0 0 0.2)
(0.08 0 0.2)
(0 0.08 0.2)
(0.08 0.08 0.2)
(0 0 0.2025)
(0.08 0 0.2025)
(0 0.08 0.2025)
(0.08 0.08 0.2025)
(0 0 0.205)
(0.08 0 0.205)
(0 0.08 0.205)
(0.08 0.08 0.205)
(0 0 0.2075)
(0.08 0 0.2075)
(0 0.08 0.2075)
(0.08 0.08 0.2075)
(0 0 0.21)
(0.08 0 0.21)
(0 0.08 0.21)
(0.08 0.08 0.21)
(0 0 0.2125)
(0.08 0 0.2125)
(0 0.08 0.2125)
(0.08 0.08 0.2125)
(0 0 0.215)
(0.08 0 0.215)
(0 0.08 0.215)
(0.08 0.08 0.215)
(0 0 0.2175)
(0.08 0 0.2175)
(0 0.08 0.2175)
(0.08 0.08 0.2175)
(0 0 0.22)
(0.08 0 0.22)
(0 0.08 0.22)
(0.08 0.08 0.22)
(0 0 0.2225)
(0.08 0 0.2225)
(0 0.08 0.2225)
(0.08 0.08 0.2225)
(0 0 0.225)
(0.08 0 0.225)
(0 0.08 0.225)
(0.08 0.08 0.225)
(0 0 0.2275)
(0.08 0 0.2275)
(0 0.08 0.2275)
(0.08 0.08 0.2275)
(0 0 0.23)
(0.08 0 0.23)
(0 0.08 0.23)
(0.08 0.08 0.23)
(0 0 0.2325)
(0.08 0 0.2325)
(0 0.08 0.2325)
(0.08 0.08 0.2325)
(0 0 0.235)
(0.08 0 0.235)
(0 0.08 0.235)
(0.08 0.08 0.235)
(0 0 0.2375)
(0.08 0 0.2375)
(0 0.08 0.2375)
(0.08 0.08 0.2375)
(0 0 0.24)
(0.08 0 0.24)
(0 0.08 0.24)
(0.08 0.08 0.24)
(0 0 0.2425)
(0.08 0 0.2425)
(0 0.08 0.2425)
(0.08 0.08 0.2425)
(0 0 0.245)
(0.08 0 0.245)
(0 0.08 0.245)
(0.08 0.08 0.245)
(0 0 0.2475)
(0.08 0 0.2475)
(0 0.08 0.2475)
(0.08 0.08 0.2475)
(0 0 0.25)
(0.08 0 0.25)
(0 0.08 0.25)
(0.08 0.08 0.25)
(0 0 0.2525)
(0.08 0 0.2525)
(0 0.08 0.2525)
(0.08 0.08 0.2525)
(0 0 0.255)
(0.08 0 0.255)
(0 0.08 0.255)
(0.08 0.08 0.255)
(0 0 0.2575)
(0.08 0 0.2575)
(0 0.08 0.2575)
(0.08 0.08 0.2575)
(0 0 0.26)
(0.08 0 0.26)
(0 0.08 0.26)
(0.08 0.08 0.26)
(0 0 0.2625)
(0.08 0 0.2625)
(0 0.08 0.2625)
(0.08 0.08 0.2625)
(0 0 0.265)
(0.08 0 0.265)
(0 0.08 0.265)
(0.08 0.08 0.265)
(0 0 0.2675)
(0.08 0 0.2675)
(0 0.08 0.2675)
(0.08 0.08 0.2675)
(0 0 0.27)
(0.08 0 0.27)
(0 0.08 0.27)
(0.08 0.08 0.27)
(0 0 0.2725)
(0.08 0 0.2725)
(0 0.08 0.2725)
(0.08 0.08 0.2725)
(0 0 0.275)
(0.08 0 0.275)
(0 0.08 0.275)
(0.08 0.08 0.275)
(0 0 0.2775)
(0.08 0 0.2775)
(0 0.08 0.2775)
(0.08 0.08 0.2775)
(0 0 0.28)
(0.08 0 0.28)
(0 0.08 0.28)
(0.08 0.08 0.28)
(0 0 0.2825)
(0.08 0 0.2825)
(0 0.08 0.2825)
(0.08 0.08 0.2825)
(0 0 0.285)
(0.08 0 0.285)
(0 0.08 0.285)
(0.08 0.08 0.285)
(0 0 0.2875)
(0.08 0 0.2875)
(0 0.08 0.2875)
(0.08 0.08 0.2875)
(0 0 0.29)
(0.08 0 0.29)
(0 0.08 0.29)
(0.08 0.08 0.29)
(0 0 0.2925)
(0.08 0 0.2925)
(0 0.08 0.2925)
(0.08 0.08 0.2925)
(0 0 0.295)
(0.08 0 0.295)
(0 0.08 0.295)
(0.08 0.08 0.295)
(0 0 0.2975)
(0.08 0 0.2975)
(0 0.08 0.2975)
(0.08 0.08 0.2975)
(0 0 0.3)
(0.08 0 0.3)
(0 0.08 0.3)
(0.08 0.08 0.3)
(0 0 0.3025)
(0.08 0 0.3025)
(0 0.08 0.3025)
(0.08 0.08 0.3025)
(0 0 0.305)
(0.08 0 0.305)
(0 0.08 0.305)
(0.08 0.08 0.305)
(0 0 0.3075)
(0.08 0 0.3075)
(0 0.08 0.3075)
(0.08 0.08 0.3075)
(0 0 0.31)
(0.08 0 0.31)
(0 0.08 0.31)
(0.08 0.08 0.31)
(0 0 0.3125)
(0.08 0 0.3125)
(0 0.08 0.3125)
(0.08 0.08 0.3125)
(0 0 0.315)
(0.08 0 0.315)
(0 0.08 0.315)
(0.08 0.08 0.315)
(0 0 0.3175)
(0.08 0 0.3175)
(0 0.08 0.3175)
(0.08 0.08 0.3175)
(0 0 0.32)
(0.08 0 0.32)
(0 0.08 0.32)
(0.08 0.08 0.32)
(0 0 0.3225)
(0.08 0 0.3225)
(0 0.08 0.3225)
(0.08 0.08 0.3225)
(0 0 0.325)
(0.08 0 0.325)
(0 0.08 0.325)
(0.08 0.08 0.325)
(0 0 0.3275)
(0.08 0 0.3275)
(0 0.08 0.3275)
(0.08 0.08 0.3275)
(0 0 0.33)
(0.08 0 0.33)
(0 0.08 0.33)
(0.08 0.08 0.33)
(0 0 0.3325)
(0.08 0 0.3325)
(0 0.08 0.3325)
(0.08 0.08 0.3325)
(0 0 0.335)
(0.08 0 0.335)
(0 0.08 0.335)
(0.08 0.08 0.335)
(0 0 0.3375)
(0.08 0 0.3375)
(0 0.08 0.3375)
(0.08 0.08 0.3375)
(0 0 0.34)
(0.08 0 0.34)
(0 0.08 0.34)
(0.08 0.08 0.34)
(0 0 0.3425)
(0.08 0 0.3425)
(0 0.08 0.3425)
(0.08 0.08 0.3425)
(0 0 0.345)
(0.08 0 0.345)
(0 0.08 0.345)
(0.08 0.08 0.345)
(0 0 0.3475)
(0.08 0 0.3475)
(0 0.08 0.3475)
(0.08 0.08 0.3475)
(0 0 0.35)
(0.08 0 0.35)
(0 0.08 0.35)
(0.08 0.08 0.35)
(0 0 0.3525)
(0.08 0 0.3525)
(0 0.08 0.3525)
(0.08 0.08 0.3525)
(0 0 0.355)
(0.08 0 0.355)
(0 0.08 0.355)
(0.08 0.08 0.355)
(0 0 0.3575)
(0.08 0 0.3575)
(0 0.08 0.3575)
(0.08 0.08 0.3575)
(0 0 0.36)
(0.08 0 0.36)
(0 0.08 0.36)
(0.08 0.08 0.36)
(0 0 0.3625)
(0.08 0 0.3625)
(0 0.08 0.3625)
(0.08 0.08 0.3625)
(0 0 0.365)
(0.08 0 0.365)
(0 0.08 0.365)
(0.08 0.08 0.365)
(0 0 0.3675)
(0.08 0 0.3675)
(0 0.08 0.3675)
(0.08 0.08 0.3675)
(0 0 0.37)
(0.08 0 0.37)
(0 0.08 0.37)
(0.08 0.08 0.37)
(0 0 0.3725)
(0.08 0 0.3725)
(0 0.08 0.3725)
(0.08 0.08 0.3725)
(0 0 0.375)
(0.08 0 0.375)
(0 0.08 0.375)
(0.08 0.08 0.375)
(0 0 0.3775)
(0.08 0 0.3775)
(0 0.08 0.3775)
(0.08 0.08 0.3775)
(0 0 0.38)
(0.08 0 0.38)
(0 0.08 0.38)
(0.08 0.08 0.38)
(0 0 0.3825)
(0.08 0 0.3825)
(0 0.08 0.3825)
(0.08 0.08 0.3825)
(0 0 0.385)
(0.08 0 0.385)
(0 0.08 0.385)
(0.08 0.08 0.385)
(0 0 0.3875)
(0.08 0 0.3875)
(0 0.08 0.3875)
(0.08 0.08 0.3875)
(0 0 0.39)
(0.08 0 0.39)
(0 0.08 0.39)
(0.08 0.08 0.39)
(0 0 0.3925)
(0.08 0 0.3925)
(0 0.08 0.3925)
(0.08 0.08 0.3925)
(0 0 0.395)
(0.08 0 0.395)
(0 0.08 0.395)
(0.08 0.08 0.395)
(0 0 0.3975)
(0.08 0 0.3975)
(0 0.08 0.3975)
(0.08 0.08 0.3975)
(0 0 0.4)
(0.08 0 0.4)
(0 0.08 0.4)
(0.08 0.08 0.4)
(0 0 0.4025)
(0.08 0 0.4025)
(0 0.08 0.4025)
(0.08 0.08 0.4025)
(0 0 0.405)
(0.08 0 0.405)
(0 0.08 0.405)
(0.08 0.08 0.405)
(0 0 0.4075)
(0.08 0 0.4075)
(0 0.08 0.4075)
(0.08 0.08 0.4075)
(0 0 0.41)
(0.08 0 0.41)
(0 0.08 0.41)
(0.08 0.08 0.41)
(0 0 0.4125)
(0.08 0 0.4125)
(0 0.08 0.4125)
(0.08 0.08 0.4125)
(0 0 0.415)
(0.08 0 0.415)
(0 0.08 0.415)
(0.08 0.08 0.415)
(0 0 0.4175)
(0.08 0 0.4175)
(0 0.08 0.4175)
(0.08 0.08 0.4175)
(0 0 0.42)
(0.08 0 0.42)
(0 0.08 0.42)
(0.08 0.08 0.42)
(0 0 0.4225)
(0.08 0 0.4225)
(0 0.08 0.4225)
(0.08 0.08 0.4225)
(0 0 0.425)
(0.08 0 0.425)
(0 0.08 0.425)
(0.08 0.08 0.425)
(0 0 0.4275)
(0.08 0 0.4275)
(0 0.08 0.4275)
(0.08 0.08 0.4275)
(0 0 0.43)
(0.08 0 0.43)
(0 0.08 0.43)
(0.08 0.08 0.43)
(0 0 0.4325)
(0.08 0 0.4325)
(0 0.08 0.4325)
(0.08 0.08 0.4325)
(0 0 0.435)
(0.08 0 0.435)
(0 0.08 0.435)
(0.08 0.08 0.435)
(0 0 0.4375)
(0.08 0 0.4375)
(0 0.08 0.4375)
(0.08 0.08 0.4375)
(0 0 0.44)
(0.08 0 0.44)
(0 0.08 0.44)
(0.08 0.08 0.44)
(0 0 0.4425)
(0.08 0 0.4425)
(0 0.08 0.4425)
(0.08 0.08 0.4425)
(0 0 0.445)
(0.08 0 0.445)
(0 0.08 0.445)
(0.08 0.08 0.445)
(0 0 0.4475)
(0.08 0 0.4475)
(0 0.08 0.4475)
(0.08 0.08 0.4475)
(0 0 0.45)
(0.08 0 0.45)
(0 0.08 0.45)
(0.08 0.08 0.45)
(0 0 0.4525)
(0.08 0 0.4525)
(0 0.08 0.4525)
(0.08 0.08 0.4525)
(0 0 0.455)
(0.08 0 0.455)
(0 0.08 0.455)
(0.08 0.08 0.455)
(0 0 0.4575)
(0.08 0 0.4575)
(0 0.08 0.4575)
(0.08 0.08 0.4575)
(0 0 0.46)
(0.08 0 0.46)
(0 0.08 0.46)
(0.08 0.08 0.46)
(0 0 0.4625)
(0.08 0 0.4625)
(0 0.08 0.4625)
(0.08 0.08 0.4625)
(0 0 0.465)
(0.08 0 0.465)
(0 0.08 0.465)
(0.08 0.08 0.465)
(0 0 0.4675)
(0.08 0 0.4675)
(0 0.08 0.4675)
(0.08 0.08 0.4675)
(0 0 0.47)
(0.08 0 0.47)
(0 0.08 0.47)
(0.08 0.08 0.47)
(0 0 0.4725)
(0.08 0 0.4725)
(0 0.08 0.4725)
(0.08 0.08 0.4725)
(0 0 0.475)
(0.08 0 0.475)
(0 0.08 0.475)
(0.08 0.08 0.475)
(0 0 0.4775)
(0.08 0 0.4775)
(0 0.08 0.4775)
(0.08 0.08 0.4775)
(0 0 0.48)
(0.08 0 0.48)
(0 0.08 0.48)
(0.08 0.08 0.48)
(0 0 0.4825)
(0.08 0 0.4825)
(0 0.08 0.4825)
(0.08 0.08 0.4825)
(0 0 0.485)
(0.08 0 0.485)
(0 0.08 0.485)
(0.08 0.08 0.485)
(0 0 0.4875)
(0.08 0 0.4875)
(0 0.08 0.4875)
(0.08 0.08 0.4875)
(0 0 0.49)
(0.08 0 0.49)
(0 0.08 0.49)
(0.08 0.08 0.49)
(0 0 0.4925)
(0.08 0 0.4925)
(0 0.08 0.4925)
(0.08 0.08 0.4925)
(0 0 0.495)
(0.08 0 0.495)
(0 0.08 0.495)
(0.08 0.08 0.495)
(0 0 0.4975)
(0.08 0 0.4975)
(0 0.08 0.4975)
(0.08 0.08 0.4975)
(0 0 0.5)
(0.08 0 0.5)
(0 0.08 0.5)
(0.08 0.08 0.5)
(0 0 0.5025)
(0.08 0 0.5025)
(0 0.08 0.5025)
(0.08 0.08 0.5025)
(0 0 0.505)
(0.08 0 0.505)
(0 0.08 0.505)
(0.08 0.08 0.505)
(0 0 0.5075)
(0.08 0 0.5075)
(0 0.08 0.5075)
(0.08 0.08 0.5075)
(0 0 0.51)
(0.08 0 0.51)
(0 0.08 0.51)
(0.08 0.08 0.51)
(0 0 0.5125)
(0.08 0 0.5125)
(0 0.08 0.5125)
(0.08 0.08 0.5125)
(0 0 0.515)
(0.08 0 0.515)
(0 0.08 0.515)
(0.08 0.08 0.515)
(0 0 0.5175)
(0.08 0 0.5175)
(0 0.08 0.5175)
(0.08 0.08 0.5175)
(0 0 0.52)
(0.08 0 0.52)
(0 0.08 0.52)
(0.08 0.08 0.52)
(0 0 0.5225)
(0.08 0 0.5225)
(0 0.08 0.5225)
(0.08 0.08 0.5225)
(0 0 0.525)
(0.08 0 0.525)
(0 0.08 0.525)
(0.08 0.08 0.525)
(0 0 0.5275)
(0.08 0 0.5275)
(0 0.08 0.5275)
(0.08 0.08 0.5275)
(0 0 0.53)
(0.08 0 0.53)
(0 0.08 0.53)
(0.08 0.08 0.53)
(0 0 0.5325)
(0.08 0 0.5325)
(0 0.08 0.5325)
(0.08 0.08 0.5325)
(0 0 0.535)
(0.08 0 0.535)
(0 0.08 0.535)
(0.08 0.08 0.535)
(0 0 0.5375)
(0.08 0 0.5375)
(0 0.08 0.5375)
(0.08 0.08 0.5375)
(0 0 0.54)
(0.08 0 0.54)
(0 0.08 0.54)
(0.08 0.08 0.54)
(0 0 0.5425)
(0.08 0 0.5425)
(0 0.08 0.5425)
(0.08 0.08 0.5425)
(0 0 0.545)
(0.08 0 0.545)
(0 0.08 0.545)
(0.08 0.08 0.545)
(0 0 0.5475)
(0.08 0 0.5475)
(0 0.08 0.5475)
(0.08 0.08 0.5475)
(0 0 0.55)
(0.08 0 0.55)
(0 0.08 0.55)
(0.08 0.08 0.55)
(0 0 0.5525)
(0.08 0 0.5525)
(0 0.08 0.5525)
(0.08 0.08 0.5525)
(0 0 0.555)
(0.08 0 0.555)
(0 0.08 0.555)
(0.08 0.08 0.555)
(0 0 0.5575)
(0.08 0 0.5575)
(0 0.08 0.5575)
(0.08 0.08 0.5575)
(0 0 0.56)
(0.08 0 0.56)
(0 0.08 0.56)
(0.08 0.08 0.56)
(0 0 0.5625)
(0.08 0 0.5625)
(0 0.08 0.5625)
(0.08 0.08 0.5625)
(0 0 0.565)
(0.08 0 0.565)
(0 0.08 0.565)
(0.08 0.08 0.565)
(0 0 0.5675)
(0.08 0 0.5675)
(0 0.08 0.5675)
(0.08 0.08 0.5675)
(0 0 0.57)
(0.08 0 0.57)
(0 0.08 0.57)
(0.08 0.08 0.57)
(0 0 0.5725)
(0.08 0 0.5725)
(0 0.08 0.5725)
(0.08 0.08 0.5725)
(0 0 0.575)
(0.08 0 0.575)
(0 0.08 0.575)
(0.08 0.08 0.575)
(0 0 0.5775)
(0.08 0 0.5775)
(0 0.08 0.5775)
(0.08 0.08 0.5775)
(0 0 0.58)
(0.08 0 0.58)
(0 0.08 0.58)
(0.08 0.08 0.58)
(0 0 0.5825)
(0.08 0 0.5825)
(0 0.08 0.5825)
(0.08 0.08 0.5825)
(0 0 0.585)
(0.08 0 0.585)
(0 0.08 0.585)
(0.08 0.08 0.585)
(0 0 0.5875)
(0.08 0 0.5875)
(0 0.08 0.5875)
(0.08 0.08 0.5875)
(0 0 0.59)
(0.08 0 0.59)
(0 0.08 0.59)
(0.08 0.08 0.59)
(0 0 0.5925)
(0.08 0 0.5925)
(0 0.08 0.5925)
(0.08 0.08 0.5925)
(0 0 0.595)
(0.08 0 0.595)
(0 0.08 0.595)
(0.08 0.08 0.595)
(0 0 0.5975)
(0.08 0 0.5975)
(0 0.08 0.5975)
(0.08 0.08 0.5975)
(0 0 0.6)
(0.08 0 0.6)
(0 0.08 0.6)
(0.08 0.08 0.6)
(0 0 0.6025)
(0.08 0 0.6025)
(0 0.08 0.6025)
(0.08 0.08 0.6025)
(0 0 0.605)
(0.08 0 0.605)
(0 0.08 0.605)
(0.08 0.08 0.605)
(0 0 0.6075)
(0.08 0 0.6075)
(0 0.08 0.6075)
(0.08 0.08 0.6075)
(0 0 0.61)
(0.08 0 0.61)
(0 0.08 0.61)
(0.08 0.08 0.61)
(0 0 0.6125)
(0.08 0 0.6125)
(0 0.08 0.6125)
(0.08 0.08 0.6125)
(0 0 0.615)
(0.08 0 0.615)
(0 0.08 0.615)
(0.08 0.08 0.615)
(0 0 0.6175)
(0.08 0 0.6175)
(0 0.08 0.6175)
(0.08 0.08 0.6175)
(0 0 0.62)
(0.08 0 0.62)
(0 0.08 0.62)
(0.08 0.08 0.62)
)


// ************************************************************************* //
