R,C1,C2,C3,C4,C5,C6,C7,C8
R1, 25, 0, 25, 0, 25, 0, 25, 0
R2,-600,-2, 24.292,-2, 24.686,-2, 24.809,-2
R3,-600,-4,23.584,-4,24.373,-4,24.619,-4
R4,-600,-6,22.876,-6,24.059,-6,24.428,-6
R5,-600,-8,22.169,-8,23.746,-8,24.237,-8
R6,-600,-10,21.461,-10,23.432,-10,24.047,-10
R7,-600,-12,20.753,-12,23.119,-12,23.856,-12
R8,-600,-14,20.045,-14,22.805,-14,23.665,-14
R9,-600,-16,19.337,-16,22.491,-16,23.475,-16
R10,-600,-18,18.629,-18,22.178,-18,23.284,-18
R11,-600,-20,17.922,-20,21.864,-20,23.093,-20
R12,-600,-22,17.214,-22,21.551,-22,22.902,-22
R13,-600,-24,16.506,-24,21.237,-24,22.712,-24
R14,-600,-26,15.798,-26,20.924,-26,22.521,-26
R15,-600,-28,15.09,-28,20.61,-28,22.33,-28
R16,-600,-30,14.382,-30,20.297,-30,22.14,-30
R17,-600,-32,13.674,-32,19.983,-32,21.949,-32
R18,-600,-34,12.967,-34,19.669,-34,21.758,-34
R19,-600,-36,12.259,-36,19.356,-36,21.568,-36
R20,-600,-38,11.551,-38,19.042,-38,21.377,-38
R21,-600,-40,10.843,-40,18.729,-40,21.186,-40
R22,-600,-42,10.135,-42,18.415,-42,20.996,-42
R23,-600,-44,9.427,-44,18.102,-44,20.805,-44
R24,-600,-46,8.719,-46,17.788,-46,20.614,-46
R25,-600,-48,8.012,-48,17.474,-48,20.424,-48
R26,-600,-50,7.304,-50,17.161,-50,20.233,-50
R27,-600,-52,6.596,-52,16.847,-52,20.042,-52
R28,-600,-54,5.888,-54,16.534,-54,19.852,-54
R29,-600,-56,5.18,-56,16.22,-56,19.661,-56
R30,-600,-58,4.472,-58,15.907,-58,19.47,-58
R31,-600,-60,3.765,-60,15.593,-60,19.279,-60
R32,-600,-62,3.057,-62,15.279,-62,19.089,-62
R33,-600,-64,2.349,-64,14.966,-64,18.898,-64
R34,-600,-66,1.641,-66,14.652,-66,18.707,-66
R35,-600,-68,0.933,-68,14.339,-68,18.517,-68
R36,-600,-70,0.225,-70,14.025,-70,18.326,-70
R37,-600,-72,-0.485,-72,13.712,-72,18.135,-72
R38,-600,-74,-1.203,-74,13.398,-74,17.945,-74
R39,-600,-76,-1.933,-76,13.084,-76,17.754,-76
R40,-600,-78,-2.677,-78,12.771,-78,17.563,-78
R41,-600,-80,-3.437,-80,12.457,-80,17.373,-80
R42,-600,-82,-4.216,-82,12.144,-82,17.182,-82
R43,-600,-84,-5.014,-84,11.83,-84,16.991,-84
R44,-600,-86,-5.834,-86,11.517,-86,16.801,-86
R45,-600,-88,-6.677,-88,11.203,-88,16.61,-88
R46,-600,-90,-7.546,-90,10.89,-90,16.419,-90
R47,-600,-92,-8.442,-92,10.576,-92,16.229,-92
R48,-600,-94,-9.368,-94,10.262,-94,16.038,-94
R49,-600,-96,-10.326,-96,9.949,-96,15.847,-96
R50,-600,-98,-11.318,-98,9.635,-98,15.657,-98
R51,-600,-100,-12.349,-100,9.322,-100,15.466,-100
R52,-600,-102,-13.42,-102,9.008,-102,15.275,-102
R53,-600,-104,-14.535,-104,8.695,-104,15.084,-104
R54,-600,-106,-15.698,-106,8.381,-106,14.894,-106
R55,-600,-108,-16.913,-108,8.067,-108,14.703,-108
R56,-600,-110,-18.184,-110,7.754,-110,14.512,-110
R57,-600,-112,-19.518,-112,7.44,-112,14.322,-112
R58,-600,-114,-20.92,-114,7.127,-114,14.131,-114
R59,-600,-116,-22.396,-116,6.813,-116,13.94,-116
R60,-600,-118,-23.955,-118,6.5,-118,13.75,-118
R61,-600,-120,-25.604,-120,6.186,-120,13.559,-120
R62,-600,-122,-27.354,-122,5.872,-122,13.368,-122
R63,-600,-124,-29.217,-124,5.559,-124,13.178,-124
R64,-600,-126,-31.21,-126,5.245,-126,12.987,-126
R65,-600,-128,-33.344,-128,4.932,-128,12.796,-128
R66,-600,-130,-35.641,-130,4.618,-130,12.606,-130
R67,-600,-132,-38.13,-132,4.305,-132,12.415,-132
R68,-600,-134,-40.831,-134,3.991,-134,12.224,-134
R69,-600,-136,-43.78,-136,3.677,-136,12.034,-136
R70,-600,-138,-47.038,-138,3.364,-138,11.843,-138
R71,-600,-140,-50.657,-140,3.05,-140,11.652,-140
R72,-600,-142,-54.692,-142,2.737,-142,11.461,-142
R73,-600,-144,-59.291,-144,2.423,-144,11.271,-144
R74,-600,-146,-64.581,-146,2.11,-146,11.08,-146
R75,-600,-148,-70.725,-148,1.796,-148,10.889,-148
R76,-600,-150,-78.117,-150,1.483,-150,10.699,-150
R77,-600,-152,-87.189,-152,1.169,-152,10.508,-152
R78,-600,-154,-98.813,-154,0.855,-154,10.317,-154
R79,-600,-156,-114.894,-156,0.542,-156,10.127,-156
R80,-600,-158,-138.771,-158,0.228,-158,9.936,-158
R81,-600,-160,-179.145,-160,-0.086,-160,9.745,-160
R82,-600,-162,-260.315,-162,-0.401,-162,9.555,-162
R83,-600,-164,-444.157,-164,-0.719,-164,9.364,-164
R84,-600,-166,-590.452,-166,-1.042,-166,9.173,-166
R85,-600,-168,-599.799,-168,-1.369,-168,8.983,-168
R86,-600,-170,-599.996,-170,-1.7,-170,8.792,-170
R87,-600,-172,-600,-172,-2.037,-172,8.601,-172
R88,-600,-174,-600,-174,-2.38,-174,8.411,-174
R89,-600,-176,-600,-176,-2.729,-176,8.22,-176
R90,-600,-178,-600,-178,-3.084,-178,8.029,-178
R91,-600,-180,-600,-180,-3.447,-180,7.838,-180
R92,-600,-182,-600,-182,-3.816,-182,7.648,-182
R93,-600,-184,-600,-184,-4.194,-184,7.457,-184
R94,-600,-186,-600,-186,-4.579,-186,7.266,-186
R95,-600,-188,-600,-188,-4.973,-188,7.076,-188
R96,-600,-190,-600,-190,-5.377,-190,6.885,-190
R97,-600,-192,-600,-192,-5.789,-192,6.694,-192
R98,-600,-194,-600,-194,-6.212,-194,6.504,-194
R99,-600,-196,-600,-196,-6.645,-196,6.313,-196
R100,-600,-198,-600,-198,-7.09,-198,6.122,-198
R101,-600,-200,-600,-200,-7.545,-200,5.932,-200
R102,-600,-202,-600,-202,-8.014,-202,5.741,-202
R103,-600,-204,-600,-204,-8.495,-204,5.55,-204
R104,-600,-206,-600,-206,-8.99,-206,5.36,-206
R105,-600,-208,-600,-208,-9.499,-208,5.169,-208
R106,-600,-210,-600,-210,-10.023,-210,4.978,-210
R107,-600,-212,-600,-212,-10.563,-212,4.788,-212
R108,-600,-214,-600,-214,-11.119,-214,4.597,-214
R109,-600,-216,-600,-216,-11.694,-216,4.406,-216
R110,-600,-218,-600,-218,-12.287,-218,4.215,-218
R111,-600,-220,-600,-220,-12.899,-220,4.025,-220
R112,-600,-222,-600,-222,-13.533,-222,3.834,-222
R113,-600,-224,-600,-224,-14.189,-224,3.643,-224
R114,-600,-226,-600,-226,-14.868,-226,3.453,-226
R115,-600,-228,-600,-228,-15.572,-228,3.262,-228
R116,-600,-230,-600,-230,-16.303,-230,3.071,-230
R117,-600,-232,-600,-232,-17.061,-232,2.881,-232
R118,-600,-234,-600,-234,-17.85,-234,2.69,-234
R119,-600,-236,-600,-236,-18.671,-236,2.499,-236
R120,-600,-238,-600,-238,-19.525,-238,2.309,-238
R121,-600,-240,-600,-240,-20.417,-240,2.118,-240
R122,-600,-242,-600,-242,-21.347,-242,1.927,-242
R123,-600,-244,-600,-244,-22.321,-244,1.737,-244
R124,-600,-246,-600,-246,-23.339,-246,1.546,-246
R125,-600,-248,-600,-248,-24.408,-248,1.355,-248
R126,-600,-250,-600,-250,-25.529,-250,1.165,-250
R127,-600,-252,-600,-252,-26.708,-252,0.974,-252
R128,-600,-254,-600,-254,-27.949,-254,0.783,-254
R129,-600,-256,-600,-256,-29.261,-256,0.592,-256
R130,-600,-258,-600,-258,-30.648,-258,0.402,-258
R131,-600,-260,-600,-260,-32.117,-260,0.211,-260
R132,-600,-262,-600,-262,-33.675,-262,0.02,-262
R133,-600,-264,-600,-264,-35.335,-264,-0.171,-264
R134,-600,-266,-600,-266,-37.111,-266,-0.363,-266
R135,-600,-268,-600,-268,-39.016,-268,-0.558,-268
R136,-600,-270,-600,-270,-41.058,-270,-0.754,-270
R137,-600,-272,-600,-272,-43.259,-272,-0.953,-272
R138,-600,-274,-600,-274,-45.648,-274,-1.154,-274
R139,-600,-276,-600,-276,-48.261,-276,-1.358,-276
R140,-600,-278,-600,-278,-51.113,-278,-1.564,-278
R141,-600,-280,-600,-280,-54.242,-280,-1.774,-280
R142,-600,-282,-600,-282,-57.728,-282,-1.987,-282
R143,-600,-284,-600,-284,-61.656,-284,-2.204,-284
R144,-600,-286,-600,-286,-66.077,-286,-2.424,-286
R145,-600,-288,-600,-288,-71.124,-288,-2.648,-288
R146,-600,-290,-600,-290,-77.066,-290,-2.875,-290
R147,-600,-292,-600,-292,-84.1,-292,-3.107,-292
R148,-600,-294,-600,-294,-92.67,-294,-3.343,-294
R149,-600,-296,-600,-296,-103.537,-296,-3.584,-296
R150,-600,-298,-600,-298,-118.067,-298,-3.829,-298
R151,-600,-300,-600,-300,-139.227,-300,-4.079,-300
R152,-600,-302,-600,-302,-172.418,-302,-4.334,-302
R153,-600,-304,-600,-304,-234.822,-304,-4.594,-304
R154,-600,-306,-600,-306,-374.144,-306,-4.86,-306
R155,-600,-308,-600,-308,-568.283,-308,-5.131,-308
R156,-600,-310,-600,-310,-599.144,-310,-5.409,-310
R157,-600,-312,-600,-312,-599.981,-312,-5.693,-312
R158,-600,-314,-600,-314,-600,-314,-5.983,-314
R159,-600,-316,-600,-316,-600,-316,-6.28,-316
R160,-600,-318,-600,-318,-600,-318,-6.584,-318
R161,-600,-320,-600,-320,-600,-320,-6.895,-320
R162,-600,-322,-600,-322,-600,-322,-7.214,-322
R163,-600,-324,-600,-324,-600,-324,-7.54,-324
R164,-600,-326,-600,-326,-600,-326,-7.875,-326
R165,-600,-328,-600,-328,-600,-328,-8.219,-328
R166,-600,-330,-600,-330,-600,-330,-8.572,-330
R167,-600,-332,-600,-332,-600,-332,-8.934,-332
R168,-600,-334,-600,-334,-600,-334,-9.306,-334
R169,-600,-336,-600,-336,-600,-336,-9.688,-336
R170,-600,-338,-600,-338,-600,-338,-10.082,-338
R171,-600,-340,-600,-340,-600,-340,-10.486,-340
R172,-600,-342,-600,-342,-600,-342,-10.902,-342
R173,-600,-344,-600,-344,-600,-344,-11.331,-344
R174,-600,-346,-600,-346,-600,-346,-11.772,-346
R175,-600,-348,-600,-348,-600,-348,-12.227,-348
R176,-600,-350,-600,-350,-600,-350,-12.696,-350
R177,-600,-352,-600,-352,-600,-352,-13.18,-352
R178,-600,-354,-600,-354,-600,-354,-13.68,-354
R179,-600,-356,-600,-356,-600,-356,-14.196,-356
R180,-600,-358,-600,-358,-600,-358,-14.73,-358
R181,-600,-360,-600,-360,-600,-360,-15.282,-360
R182,-600,-362,-600,-362,-600,-362,-15.854,-362
R183,-600,-364,-600,-364,-600,-364,-16.446,-364
R184,-600,-366,-600,-366,-600,-366,-17.06,-366
R185,-600,-368,-600,-368,-600,-368,-17.696,-368
R186,-600,-370,-600,-370,-600,-370,-18.357,-370
R187,-600,-372,-600,-372,-600,-372,-19.044,-372
R188,-600,-374,-600,-374,-600,-374,-19.758,-374
R189,-600,-376,-600,-376,-600,-376,-20.5,-376
R190,-600,-378,-600,-378,-600,-378,-21.274,-378
R191,-600,-380,-600,-380,-600,-380,-22.081,-380
R192,-600,-382,-600,-382,-600,-382,-22.924,-382
R193,-600,-384,-600,-384,-600,-384,-23.805,-384
R194,-600,-386,-600,-386,-600,-386,-24.726,-386
R195,-600,-388,-600,-388,-600,-388,-25.69,-388
R196,-600,-390,-600,-390,-600,-390,-26.701,-390
R197,-600,-392,-600,-392,-600,-392,-27.763,-392
R198,-600,-394,-600,-394,-600,-394,-28.88,-394
R199,-600,-396,-600,-396,-600,-396,-30.059,-396
R200,-600,-398,-600,-398,-600,-398,-31.302,-398
R201,-600,-400,-600,-400,-600,-400,-32.613,-400
R202,-600,-402,-600,-402,-600,-402,-34.002,-402
R203,-600,-404,-600,-404,-600,-404,-35.478,-404
R204,-600,-406,-600,-406,-600,-406,-37.051,-406
R205,-600,-408,-600,-408,-600,-408,-38.732,-408
R206,-600,-410,-600,-410,-600,-410,-40.526,-410
R207,-600,-412,-600,-412,-600,-412,-42.448,-412
R208,-600,-414,-600,-414,-600,-414,-44.519,-414
R209,-600,-416,-600,-416,-600,-416,-46.767,-416
R210,-600,-418,-600,-418,-600,-418,-49.215,-418
R211,-600,-420,-600,-420,-600,-420,-51.874,-420
R212,-600,-422,-600,-422,-600,-422,-54.785,-422
R213,-600,-424,-600,-424,-600,-424,-58.015,-424
R214,-600,-426,-600,-426,-600,-426,-61.636,-426
R215,-600,-428,-600,-428,-600,-428,-65.68,-428
R216,-600,-430,-600,-430,-600,-430,-70.25,-430
R217,-600,-432,-600,-432,-600,-432,-75.594,-432
R218,-600,-434,-600,-434,-600,-434,-81.861,-434
R219,-600,-436,-600,-436,-600,-436,-89.251,-436
R220,-600,-438,-600,-438,-600,-438,-98.433,-438
R221,-600,-440,-600,-440,-600,-440,-110.155,-440
R222,-600,-442,-600,-442,-600,-442,-125.721,-442
R223,-600,-444,-600,-444,-600,-444,-148.961,-444
R224,-600,-446,-600,-446,-600,-446,-187.93,-446
R225,-600,-448,-600,-448,-600,-448,-264.999,-448
R226,-600,-450,-600,-450,-600,-450,-433.704,-450
R227,-600,-452,-600,-452,-600,-452,-586.626,-452
R228,-600,-454,-600,-454,-600,-454,-599.188,-454
R229,-600,-456,-600,-456,-600,-456,-597.359,-456
R230,-600,-458,-600,-458,-600,-458,-586.732,-458
R231,-600,-460,-600,-460,-600,-460,-549.414,-460
R232,-600,-462,-600,-462,-600,-462,-477.971,-462
R233,-600,-464,-600,-464,-600,-464,-405.532,-464
R234,-600,-466,-600,-466,-600,-466,-352.682,-466
R235,-600,-468,-600,-468,-600,-468,-310.095,-468
R236,-600,-470,-600,-470,-600,-470,-280.383,-470
R237,-600,-472,-600,-472,-600,-472,-257.191,-472
R238,-600,-474,-600,-474,-599.994,-474,-237.932,-474
R239,-600,-476,-600,-476,-599.944,-476,-222.452,-476
R240,-600,-478,-600,-478,-599.504,-478,-209.722,-478
R241,-600,-480,-600,-480,-595.823,-480,-198.393,-480
R242,-600,-482,-600,-482,-571.238,-482,-188.323,-482
R243,-600,-484,-600,-484,-485.138,-484,-179.62,-484
R244,-600,-486,-600,-486,-389.014,-486,-171.998,-486
R245,-600,-488,-600,-488,-323.25,-488,-165.038,-488
R246,-600,-490,-600,-490,-279.646,-490,-158.539,-490
R247,-600,-492,-600,-492,-246.686,-492,-152.387,-492
R248,-600,-494,-600,-494,-223.506,-494,-146.74,-494
R249,-600,-496,-600,-496,-205.568,-496,-141.603,-496
R250,-600,-498,-600,-498,-190.395,-498,-136.818,-498
R251,-600,-500,-600,-500,-178.019,-500,-132.291,-500
R252,-600,-502,-600,-502,-167.801,-502,-127.962,-502
R253,-600,-504,-600,-504,-158.699,-504,-123.793,-504
R254,-600,-506,-600,-506,-150.437,-506,-119.772,-506
R255,-600,-508,-600,-508,-143.138,-508,-115.941,-508
R256,-600,-510,-599.994,-510,-136.678,-510,-112.305,-510
R257,-600,-512,-599.879,-512,-130.747,-512,-108.817,-512
R258,-600,-514,-597.81,-514,-125.188,-514,-105.446,-514
R259,-600,-516,-568.122,-516,-119.93,-516,-102.172,-516
R260,-600,-518,-436.818,-518,-115.041,-518,-98.977,-518
R261,-600,-520,-314.481,-520,-110.516,-520,-95.852,-520
R262,-600,-522,-247.924,-522,-106.249,-522,-92.808,-522
R263,-600,-524,-209.673,-524,-102.178,-524,-89.854,-524
R264,-600,-526,-183.562,-526,-98.262,-526,-86.975,-526
R265,-600,-528,-164.256,-528,-94.487,-528,-84.159,-528
R266,-600,-530,-149.163,-530,-90.873,-530,-81.395,-530
R267,-600,-532,-137.107,-532,-87.414,-532,-78.676,-532
R268,-600,-534,-127.094,-534,-84.075,-534,-75.996,-534
R269,-600,-536,-118.319,-536,-80.835,-536,-73.359,-536
R270,-600,-538,-110.687,-538,-77.677,-538,-70.768,-538
R271,-600,-540,-103.946,-540,-74.595,-540,-68.215,-540
R272,-600,-542,-97.768,-542,-71.594,-542,-65.697,-542
R273,-600,-544,-92.086,-544,-68.67,-544,-63.208,-544
R274,-600,-546,-86.878,-546,-65.81,-546,-60.745,-546
R275,-600,-548,-82.036,-548,-63.004,-548,-58.308,-548
R276,-600,-550,-77.464,-550,-60.245,-550,-55.896,-550
R277,-600,-552,-73.131,-552,-57.533,-552,-53.509,-552
R278,-600,-554,-69.032,-554,-54.867,-554,-51.142,-554
R279,-600,-556,-65.127,-556,-52.243,-556,-48.794,-556
R280,-600,-558,-61.376,-558,-49.653,-558,-46.463,-558
R281,-600,-560,-57.761,-560,-47.095,-560,-44.149,-560
R282,-600,-562,-54.277,-562,-44.568,-562,-41.852,-562
R283,-600,-564,-50.905,-564,-42.071,-564,-39.568,-564
R284,-600,-566,-47.627,-566,-39.598,-566,-37.297,-566
R285,-600,-568,-44.434,-568,-37.149,-568,-35.039,-568
R286,-600,-570,-41.322,-570,-34.722,-570,-32.792,-570
R287,-600,-572,-38.278,-572,-32.315,-572,-30.556,-572
R288,-600,-574,-35.295,-574,-29.927,-574,-28.33,-574
R289,-600,-576,-32.369,-576,-27.555,-576,-26.113,-576
R290,-600,-578,-29.492,-578,-25.199,-578,-23.904,-578
R291,-600,-580,-26.661,-580,-22.857,-580,-21.703,-580
R292,-600,-582,-23.87,-582,-20.529,-582,-19.509,-582
R293,-600,-584,-21.116,-584,-18.212,-584,-17.322,-584
R294,-600,-586,-18.394,-586,-15.907,-586,-15.14,-586
R295,-600,-588,-15.702,-588,-13.612,-588,-12.965,-588
R296,-600,-590,-13.036,-590,-11.326,-590,-10.794,-590
R297,-600,-592,-10.393,-592,-9.048,-592,-8.628,-592
R298,-600,-594,-7.771,-594,-6.777,-594,-6.466,-594
R299,-600,-596,-5.167,-596,-4.513,-596,-4.308,-596
R300,-600,-598,-2.578,-598,-2.254,-598,-2.153,-598
R301,0,-600,0,-600,0,-600,0,-600