R	C1	C2	C3	C4	C5	C6	C7	C8	C9	C10	C11	C12	C13	C14
R1	25	0	25	0	25	0	25	0	25	0	25	0	25	0
R2	-800	-2	24.154	-2	24.529	-2	24.675	-2	24.754	-2	24.802	-2	24.835	-2
R3	-800	-4	23.307	-4	24.059	-4	24.351	-4	24.507	-4	24.604	-4	24.671	-4
R4	-800	-6	22.461	-6	23.588	-6	24.026	-6	24.261	-6	24.407	-6	24.506	-6
R5	-800	-8	21.615	-8	23.117	-8	23.702	-8	24.014	-8	24.209	-8	24.341	-8
R6	-800	-10	20.769	-10	22.646	-10	23.377	-10	23.768	-10	24.011	-10	24.176	-10
R7	-800	-12	19.922	-12	22.176	-12	23.052	-12	23.522	-12	23.813	-12	24.012	-12
R8	-800	-14	19.076	-14	21.705	-14	22.728	-14	23.275	-14	23.615	-14	23.847	-14
R9	-800	-16	18.23	-16	21.234	-16	22.403	-16	23.029	-16	23.418	-16	23.682	-16
R10	-800	-18	17.383	-18	20.764	-18	22.079	-18	22.782	-18	23.22	-18	23.517	-18
R11	-800	-20	16.537	-20	20.293	-20	21.754	-20	22.536	-20	23.022	-20	23.353	-20
R12	-800	-22	15.691	-22	19.822	-22	21.43	-22	22.29	-22	22.824	-22	23.188	-22
R13	-800	-24	14.845	-24	19.351	-24	21.105	-24	22.043	-24	22.626	-24	23.023	-24
R14	-800	-26	13.998	-26	18.881	-26	20.78	-26	21.797	-26	22.429	-26	22.858	-26
R15	-800	-28	13.152	-28	18.41	-28	20.456	-28	21.55	-28	22.231	-28	22.694	-28
R16	-800	-30	12.306	-30	17.939	-30	20.131	-30	21.304	-30	22.033	-30	22.529	-30
R17	-800	-32	11.46	-32	17.469	-32	19.807	-32	21.057	-32	21.835	-32	22.364	-32
R18	-800	-34	10.613	-34	16.998	-34	19.482	-34	20.811	-34	21.637	-34	22.199	-34
R19	-800	-36	9.767	-36	16.527	-36	19.157	-36	20.565	-36	21.44	-36	22.035	-36
R20	-800	-38	8.921	-38	16.056	-38	18.833	-38	20.318	-38	21.242	-38	21.87	-38
R21	-800	-40	8.074	-40	15.586	-40	18.508	-40	20.072	-40	21.044	-40	21.705	-40
R22	-800	-42	7.228	-42	15.115	-42	18.184	-42	19.825	-42	20.846	-42	21.541	-42
R23	-800	-44	6.382	-44	14.644	-44	17.859	-44	19.579	-44	20.648	-44	21.376	-44
R24	-800	-46	5.536	-46	14.174	-46	17.534	-46	19.333	-46	20.451	-46	21.211	-46
R25	-800	-48	4.689	-48	13.703	-48	17.21	-48	19.086	-48	20.253	-48	21.046	-48
R26	-800	-50	3.843	-50	13.232	-50	16.885	-50	18.84	-50	20.055	-50	20.882	-50
R27	-800	-52	2.997	-52	12.761	-52	16.561	-52	18.593	-52	19.857	-52	20.717	-52
R28	-800	-54	2.15	-54	12.291	-54	16.236	-54	18.347	-54	19.66	-54	20.552	-54
R29	-800	-56	1.304	-56	11.82	-56	15.912	-56	18.101	-56	19.462	-56	20.387	-56
R30	-800	-58	0.458	-58	11.349	-58	15.587	-58	17.854	-58	19.264	-58	20.223	-58
R31	-800	-60	-0.39	-60	10.879	-60	15.262	-60	17.608	-60	19.066	-60	20.058	-60
R32	-800	-62	-1.247	-62	10.408	-62	14.938	-62	17.361	-62	18.868	-62	19.893	-62
R33	-800	-64	-2.119	-64	9.937	-64	14.613	-64	17.115	-64	18.671	-64	19.728	-64
R34	-800	-66	-3.009	-66	9.466	-66	14.289	-66	16.869	-66	18.473	-66	19.564	-66
R35	-800	-68	-3.92	-68	8.996	-68	13.964	-68	16.622	-68	18.275	-68	19.399	-68
R36	-800	-70	-4.855	-70	8.525	-70	13.639	-70	16.376	-70	18.077	-70	19.234	-70
R37	-800	-72	-5.817	-72	8.054	-72	13.315	-72	16.129	-72	17.879	-72	19.069	-72
R38	-800	-74	-6.807	-74	7.584	-74	12.99	-74	15.883	-74	17.682	-74	18.905	-74
R39	-800	-76	-7.83	-76	7.113	-76	12.666	-76	15.637	-76	17.484	-76	18.74	-76
R40	-800	-78	-8.887	-78	6.642	-78	12.341	-78	15.39	-78	17.286	-78	18.575	-78
R41	-800	-80	-9.981	-80	6.171	-80	12.016	-80	15.144	-80	17.088	-80	18.411	-80
R42	-800	-82	-11.117	-82	5.701	-82	11.692	-82	14.897	-82	16.89	-82	18.246	-82
R43	-800	-84	-12.298	-84	5.23	-84	11.367	-84	14.651	-84	16.693	-84	18.081	-84
R44	-800	-86	-13.527	-86	4.759	-86	11.043	-86	14.405	-86	16.495	-86	17.916	-86
R45	-800	-88	-14.81	-88	4.289	-88	10.718	-88	14.158	-88	16.297	-88	17.752	-88
R46	-800	-90	-16.153	-90	3.818	-90	10.394	-90	13.912	-90	16.099	-90	17.587	-90
R47	-800	-92	-17.559	-92	3.347	-92	10.069	-92	13.665	-92	15.901	-92	17.422	-92
R48	-800	-94	-19.037	-94	2.876	-94	9.744	-94	13.419	-94	15.704	-94	17.257	-94
R49	-800	-96	-20.593	-96	2.406	-96	9.42	-96	13.173	-96	15.506	-96	17.093	-96
R50	-800	-98	-22.235	-98	1.935	-98	9.095	-98	12.926	-98	15.308	-98	16.928	-98
R51	-800	-100	-23.975	-100	1.464	-100	8.771	-100	12.68	-100	15.11	-100	16.763	-100
R52	-800	-102	-25.822	-102	0.994	-102	8.446	-102	12.433	-102	14.912	-102	16.598	-102
R53	-800	-104	-27.79	-104	0.523	-104	8.121	-104	12.187	-104	14.715	-104	16.434	-104
R54	-800	-106	-29.896	-106	0.052	-106	7.797	-106	11.94	-106	14.517	-106	16.269	-106
R55	-800	-108	-32.156	-108	-0.42	-108	7.472	-108	11.694	-108	14.319	-108	16.104	-108
R56	-800	-110	-34.596	-110	-0.898	-110	7.148	-110	11.448	-110	14.121	-110	15.939	-110
R57	-800	-112	-37.244	-112	-1.382	-112	6.823	-112	11.201	-112	13.923	-112	15.775	-112
R58	-800	-114	-40.129	-114	-1.873	-114	6.498	-114	10.955	-114	13.726	-114	15.61	-114
R59	-800	-116	-43.305	-116	-2.374	-116	6.174	-116	10.708	-116	13.528	-116	15.445	-116
R60	-800	-118	-46.814	-118	-2.884	-118	5.849	-118	10.462	-118	13.33	-118	15.281	-118
R61	-800	-120	-50.728	-120	-3.404	-120	5.525	-120	10.216	-120	13.132	-120	15.116	-120
R62	-800	-122	-55.162	-122	-3.935	-122	5.2	-122	9.969	-122	12.934	-122	14.951	-122
R63	-800	-124	-60.227	-124	-4.479	-124	4.875	-124	9.723	-124	12.737	-124	14.786	-124
R64	-800	-126	-66.158	-126	-5.035	-126	4.551	-126	9.476	-126	12.539	-126	14.622	-126
R65	-800	-128	-73.214	-128	-5.605	-128	4.226	-128	9.23	-128	12.341	-128	14.457	-128
R66	-800	-130	-81.892	-130	-6.19	-130	3.902	-130	8.984	-130	12.143	-130	14.292	-130
R67	-800	-132	-93.04	-132	-6.79	-132	3.577	-132	8.737	-132	11.945	-132	14.127	-132
R68	-800	-134	-107.963	-134	-7.407	-134	3.253	-134	8.491	-134	11.748	-134	13.963	-134
R69	-800	-136	-130.119	-136	-8.042	-136	2.928	-136	8.244	-136	11.55	-136	13.798	-136
R70	-800	-138	-168.451	-138	-8.695	-138	2.603	-138	7.998	-138	11.352	-138	13.633	-138
R71	-800	-140	-250.165	-140	-9.369	-140	2.279	-140	7.752	-140	11.154	-140	13.468	-140
R72	-800	-142	-475.787	-142	-10.063	-142	1.954	-142	7.505	-142	10.956	-142	13.304	-142
R73	-800	-144	-781.579	-144	-10.78	-144	1.63	-144	7.259	-144	10.759	-144	13.139	-144
R74	-800	-146	-799.862	-146	-11.522	-146	1.305	-146	7.012	-146	10.561	-146	12.974	-146
R75	-800	-148	-799.999	-148	-12.289	-148	0.98	-148	6.766	-148	10.363	-148	12.809	-148
R76	-800	-150	-800	-150	-13.083	-150	0.656	-150	6.52	-150	10.165	-150	12.645	-150
R77	-800	-152	-800	-152	-13.907	-152	0.331	-152	6.273	-152	9.967	-152	12.48	-152
R78	-800	-154	-800	-154	-14.762	-154	0.007	-154	6.027	-154	9.77	-154	12.315	-154
R79	-800	-156	-800	-156	-15.651	-156	-0.319	-156	5.78	-156	9.572	-156	12.151	-156
R80	-800	-158	-800	-158	-16.575	-158	-0.648	-158	5.534	-158	9.374	-158	11.986	-158
R81	-800	-160	-800	-160	-17.539	-160	-0.98	-160	5.288	-160	9.176	-160	11.821	-160
R82	-800	-162	-800	-162	-18.545	-162	-1.318	-162	5.041	-162	8.979	-162	11.656	-162
R83	-800	-164	-800	-164	-19.595	-164	-1.66	-164	4.795	-164	8.781	-164	11.492	-164
R84	-800	-166	-800	-166	-20.695	-166	-2.007	-166	4.548	-166	8.583	-166	11.327	-166
R85	-800	-168	-800	-168	-21.847	-168	-2.361	-168	4.302	-168	8.385	-168	11.162	-168
R86	-800	-170	-800	-170	-23.057	-170	-2.721	-170	4.056	-170	8.187	-170	10.997	-170
R87	-800	-172	-800	-172	-24.329	-172	-3.087	-172	3.809	-172	7.99	-172	10.833	-172
R88	-800	-174	-800	-174	-25.669	-174	-3.461	-174	3.563	-174	7.792	-174	10.668	-174
R89	-800	-176	-800	-176	-27.084	-176	-3.842	-176	3.316	-176	7.594	-176	10.503	-176
R90	-800	-178	-800	-178	-28.583	-178	-4.232	-178	3.07	-178	7.396	-178	10.338	-178
R91	-800	-180	-800	-180	-30.172	-180	-4.629	-180	2.823	-180	7.198	-180	10.174	-180
R92	-800	-182	-800	-182	-31.861	-182	-5.036	-182	2.577	-182	7.001	-182	10.009	-182
R93	-800	-184	-800	-184	-33.664	-184	-5.453	-184	2.331	-184	6.803	-184	9.844	-184
R94	-800	-186	-800	-186	-35.597	-186	-5.879	-186	2.084	-186	6.605	-186	9.679	-186
R95	-800	-188	-800	-188	-37.67	-188	-6.315	-188	1.838	-188	6.407	-188	9.515	-188
R96	-800	-190	-800	-190	-39.903	-190	-6.763	-190	1.591	-190	6.209	-190	9.35	-190
R97	-800	-192	-800	-192	-42.328	-192	-7.222	-192	1.345	-192	6.012	-192	9.185	-192
R98	-800	-194	-800	-194	-44.972	-194	-7.694	-194	1.099	-194	5.814	-194	9.021	-194
R99	-800	-196	-800	-196	-47.862	-196	-8.178	-196	0.852	-196	5.616	-196	8.856	-196
R100	-800	-198	-800	-198	-51.049	-198	-8.676	-198	0.606	-198	5.418	-198	8.691	-198
R101	-800	-200	-800	-200	-54.606	-200	-9.188	-200	0.359	-200	5.22	-200	8.526	-200
R102	-800	-202	-800	-202	-58.585	-202	-9.715	-202	0.113	-202	5.023	-202	8.362	-202
R103	-800	-204	-800	-204	-63.096	-204	-10.258	-204	-0.134	-204	4.825	-204	8.197	-204
R104	-800	-206	-800	-206	-68.309	-206	-10.818	-206	-0.382	-206	4.627	-206	8.032	-206
R105	-800	-208	-800	-208	-74.382	-208	-11.395	-208	-0.633	-208	4.429	-208	7.867	-208
R106	-800	-210	-800	-210	-81.699	-210	-11.991	-210	-0.886	-210	4.231	-210	7.703	-210
R107	-800	-212	-800	-212	-90.725	-212	-12.607	-212	-1.143	-212	4.034	-212	7.538	-212
R108	-800	-214	-800	-214	-102.277	-214	-13.244	-214	-1.403	-214	3.836	-214	7.373	-214
R109	-800	-216	-800	-216	-118.357	-216	-13.903	-216	-1.667	-216	3.638	-216	7.208	-216
R110	-800	-218	-800	-218	-142.378	-218	-14.585	-218	-1.935	-218	3.44	-218	7.044	-218
R111	-800	-220	-800	-220	-183.925	-220	-15.293	-220	-2.208	-220	3.242	-220	6.879	-220
R112	-800	-222	-800	-222	-276.526	-222	-16.027	-222	-2.485	-222	3.045	-222	6.714	-222
R113	-800	-224	-800	-224	-527.593	-224	-16.789	-224	-2.766	-224	2.847	-224	6.549	-224
R114	-800	-226	-800	-226	-789.427	-226	-17.581	-226	-3.054	-226	2.649	-226	6.385	-226
R115	-800	-228	-800	-228	-799.915	-228	-18.406	-228	-3.346	-228	2.451	-228	6.22	-228
R116	-800	-230	-800	-230	-799.999	-230	-19.265	-230	-3.644	-230	2.253	-230	6.055	-230
R117	-800	-232	-800	-232	-800	-232	-20.161	-232	-3.948	-232	2.056	-232	5.891	-232
R118	-800	-234	-800	-234	-800	-234	-21.096	-234	-4.259	-234	1.858	-234	5.726	-234
R119	-800	-236	-800	-236	-800	-236	-22.074	-236	-4.576	-236	1.66	-236	5.561	-236
R120	-800	-238	-800	-238	-800	-238	-23.099	-238	-4.899	-238	1.462	-238	5.396	-238
R121	-800	-240	-800	-240	-800	-240	-24.172	-240	-5.23	-240	1.264	-240	5.232	-240
R122	-800	-242	-800	-242	-800	-242	-25.299	-242	-5.569	-242	1.067	-242	5.067	-242
R123	-800	-244	-800	-244	-800	-244	-26.484	-244	-5.915	-244	0.869	-244	4.902	-244
R124	-800	-246	-800	-246	-800	-246	-27.734	-246	-6.269	-246	0.671	-246	4.737	-246
R125	-800	-248	-800	-248	-800	-248	-29.054	-248	-6.633	-248	0.473	-248	4.573	-248
R126	-800	-250	-800	-250	-800	-250	-30.449	-250	-7.005	-250	0.275	-250	4.408	-250
R127	-800	-252	-800	-252	-800	-252	-31.927	-252	-7.386	-252	0.078	-252	4.243	-252
R128	-800	-254	-800	-254	-800	-254	-33.499	-254	-7.778	-254	-0.12	-254	4.078	-254
R129	-800	-256	-800	-256	-800	-256	-35.177	-256	-8.179	-256	-0.32	-256	3.914	-256
R130	-800	-258	-800	-258	-800	-258	-36.967	-258	-8.592	-258	-0.521	-258	3.749	-258
R131	-800	-260	-800	-260	-800	-260	-38.883	-260	-9.016	-260	-0.724	-260	3.584	-260
R132	-800	-262	-800	-262	-800	-262	-40.946	-262	-9.452	-262	-0.929	-262	3.419	-262
R133	-800	-264	-800	-264	-800	-264	-43.18	-264	-9.9	-264	-1.137	-264	3.255	-264
R134	-800	-266	-800	-266	-800	-266	-45.604	-266	-10.361	-266	-1.348	-266	3.09	-266
R135	-800	-268	-800	-268	-800	-268	-48.238	-268	-10.836	-268	-1.562	-268	2.925	-268
R136	-800	-270	-800	-270	-800	-270	-51.131	-270	-11.326	-270	-1.779	-270	2.761	-270
R137	-800	-272	-800	-272	-800	-272	-54.34	-272	-11.831	-272	-2	-272	2.596	-272
R138	-800	-274	-800	-274	-800	-274	-57.903	-274	-12.352	-274	-2.223	-274	2.431	-274
R139	-800	-276	-800	-276	-800	-276	-61.896	-276	-12.89	-276	-2.451	-276	2.266	-276
R140	-800	-278	-800	-278	-800	-278	-66.47	-278	-13.445	-278	-2.683	-278	2.102	-278
R141	-800	-280	-800	-280	-800	-280	-71.733	-280	-14.02	-280	-2.918	-280	1.937	-280
R142	-800	-282	-800	-282	-800	-282	-77.886	-282	-14.614	-282	-3.158	-282	1.772	-282
R143	-800	-284	-800	-284	-800	-284	-85.301	-284	-15.229	-284	-3.402	-284	1.607	-284
R144	-800	-286	-800	-286	-800	-286	-94.435	-286	-15.866	-286	-3.651	-286	1.443	-286
R145	-800	-288	-800	-288	-800	-288	-106.125	-288	-16.527	-288	-3.905	-288	1.278	-288
R146	-800	-290	-800	-290	-800	-290	-122.258	-290	-17.213	-290	-4.164	-290	1.113	-290
R147	-800	-292	-800	-292	-800	-292	-146.934	-292	-17.925	-292	-4.428	-292	0.948	-292
R148	-800	-294	-800	-294	-800	-294	-189.289	-294	-18.665	-294	-4.698	-294	0.784	-294
R149	-800	-296	-800	-296	-800	-296	-283.641	-296	-19.435	-296	-4.974	-296	0.619	-296
R150	-800	-298	-800	-298	-800	-298	-542.924	-298	-20.238	-298	-5.255	-298	0.454	-298
R151	-800	-300	-800	-300	-800	-300	-790.79	-300	-21.074	-300	-5.543	-300	0.289	-300
R152	-800	-302	-800	-302	-800	-302	-799.919	-302	-21.948	-302	-5.837	-302	0.125	-302
R153	-800	-304	-800	-304	-800	-304	-799.999	-304	-22.861	-304	-6.138	-304	-0.04	-304
R154	-800	-306	-800	-306	-800	-306	-800	-306	-23.816	-306	-6.447	-306	-0.205	-306
R155	-800	-308	-800	-308	-800	-308	-800	-308	-24.817	-308	-6.762	-308	-0.372	-308
R156	-800	-310	-800	-310	-800	-310	-800	-310	-25.866	-310	-7.085	-310	-0.54	-310
R157	-800	-312	-800	-312	-800	-312	-800	-312	-26.969	-312	-7.417	-312	-0.71	-312
R158	-800	-314	-800	-314	-800	-314	-800	-314	-28.131	-314	-7.756	-314	-0.882	-314
R159	-800	-316	-800	-316	-800	-316	-800	-316	-29.356	-316	-8.105	-316	-1.056	-316
R160	-800	-318	-800	-318	-800	-318	-800	-318	-30.649	-318	-8.462	-318	-1.233	-318
R161	-800	-320	-800	-320	-800	-320	-800	-320	-32.016	-320	-8.829	-320	-1.411	-320
R162	-800	-322	-800	-322	-800	-322	-800	-322	-33.466	-322	-9.206	-322	-1.593	-322
R163	-800	-324	-800	-324	-800	-324	-800	-324	-35.011	-324	-9.594	-324	-1.777	-324
R164	-800	-326	-800	-326	-800	-326	-800	-326	-36.656	-326	-9.992	-326	-1.963	-326
R165	-800	-328	-800	-328	-800	-328	-800	-328	-38.411	-328	-10.402	-328	-2.153	-328
R166	-800	-330	-800	-330	-800	-330	-800	-330	-40.292	-330	-10.824	-330	-2.345	-330
R167	-800	-332	-800	-332	-800	-332	-800	-332	-42.32	-332	-11.258	-332	-2.541	-332
R168	-800	-334	-800	-334	-800	-334	-800	-334	-44.514	-334	-11.706	-334	-2.741	-334
R169	-800	-336	-800	-336	-800	-336	-800	-336	-46.888	-336	-12.167	-336	-2.943	-336
R170	-800	-338	-800	-338	-800	-338	-800	-338	-49.472	-338	-12.643	-338	-3.149	-338
R171	-800	-340	-800	-340	-800	-340	-800	-340	-52.315	-340	-13.134	-340	-3.36	-340
R172	-800	-342	-800	-342	-800	-342	-800	-342	-55.462	-342	-13.641	-342	-3.574	-342
R173	-800	-344	-800	-344	-800	-344	-800	-344	-58.945	-344	-14.165	-344	-3.792	-344
R174	-800	-346	-800	-346	-800	-346	-800	-346	-62.854	-346	-14.707	-346	-4.014	-346
R175	-800	-348	-800	-348	-800	-348	-800	-348	-67.318	-348	-15.267	-348	-4.241	-348
R176	-800	-350	-800	-350	-800	-350	-800	-350	-72.431	-350	-15.847	-350	-4.472	-350
R177	-800	-352	-800	-352	-800	-352	-800	-352	-78.406	-352	-16.449	-352	-4.708	-352
R178	-800	-354	-800	-354	-800	-354	-800	-354	-85.574	-354	-17.072	-354	-4.949	-354
R179	-800	-356	-800	-356	-800	-356	-800	-356	-94.333	-356	-17.718	-356	-5.196	-356
R180	-800	-358	-800	-358	-800	-358	-800	-358	-105.481	-358	-18.39	-358	-5.447	-358
R181	-800	-360	-800	-360	-800	-360	-800	-360	-120.732	-360	-19.088	-360	-5.704	-360
R182	-800	-362	-800	-362	-800	-362	-800	-362	-143.42	-362	-19.814	-362	-5.967	-362
R183	-800	-364	-800	-364	-800	-364	-800	-364	-181.403	-364	-20.569	-364	-6.236	-364
R184	-800	-366	-800	-366	-800	-366	-800	-366	-262.299	-366	-21.357	-366	-6.512	-366
R185	-800	-368	-800	-368	-800	-368	-800	-368	-476.142	-368	-22.178	-368	-6.793	-368
R186	-800	-370	-800	-370	-800	-370	-800	-370	-778.08	-370	-23.037	-370	-7.082	-370
R187	-800	-372	-800	-372	-800	-372	-800	-372	-799.797	-372	-23.934	-372	-7.378	-372
R188	-800	-374	-800	-374	-800	-374	-800	-374	-799.998	-374	-24.872	-374	-7.681	-374
R189	-800	-376	-800	-376	-800	-376	-800	-376	-800	-376	-25.856	-376	-7.991	-376
R190	-800	-378	-800	-378	-800	-378	-800	-378	-800	-378	-26.889	-378	-8.31	-378
R191	-800	-380	-800	-380	-800	-380	-800	-380	-800	-380	-27.974	-380	-8.637	-380
R192	-800	-382	-800	-382	-800	-382	-800	-382	-800	-382	-29.118	-382	-8.973	-382
R193	-800	-384	-800	-384	-800	-384	-800	-384	-800	-384	-30.323	-384	-9.317	-384
R194	-800	-386	-800	-386	-800	-386	-800	-386	-800	-386	-31.595	-386	-9.671	-386
R195	-800	-388	-800	-388	-800	-388	-800	-388	-800	-388	-32.942	-388	-10.035	-388
R196	-800	-390	-800	-390	-800	-390	-800	-390	-800	-390	-34.372	-390	-10.409	-390
R197	-800	-392	-800	-392	-800	-392	-800	-392	-800	-392	-35.894	-392	-10.794	-392
R198	-800	-394	-800	-394	-800	-394	-800	-394	-800	-394	-37.513	-394	-11.191	-394
R199	-800	-396	-800	-396	-800	-396	-800	-396	-800	-396	-39.242	-396	-11.599	-396
R200	-800	-398	-800	-398	-800	-398	-800	-398	-800	-398	-41.096	-398	-12.019	-398
R201	-800	-400	-800	-400	-800	-400	-800	-400	-800	-400	-43.097	-400	-12.452	-400
R202	-800	-402	-800	-402	-800	-402	-800	-402	-800	-402	-45.257	-402	-12.899	-402
R203	-800	-404	-800	-404	-800	-404	-800	-404	-800	-404	-47.591	-404	-13.36	-404
R204	-800	-406	-800	-406	-800	-406	-800	-406	-800	-406	-50.133	-406	-13.836	-406
R205	-800	-408	-800	-408	-800	-408	-800	-408	-800	-408	-52.932	-408	-14.327	-408
R206	-800	-410	-800	-410	-800	-410	-800	-410	-800	-410	-56.023	-410	-14.835	-410
R207	-800	-412	-800	-412	-800	-412	-800	-412	-800	-412	-59.438	-412	-15.361	-412
R208	-800	-414	-800	-414	-800	-414	-800	-414	-800	-414	-63.27	-414	-15.904	-414
R209	-800	-416	-800	-416	-800	-416	-800	-416	-800	-416	-67.639	-416	-16.467	-416
R210	-800	-418	-800	-418	-800	-418	-800	-418	-800	-418	-72.627	-418	-17.051	-418
R211	-800	-420	-800	-420	-800	-420	-800	-420	-800	-420	-78.446	-420	-17.656	-420
R212	-800	-422	-800	-422	-800	-422	-800	-422	-800	-422	-85.406	-422	-18.284	-422
R213	-800	-424	-800	-424	-800	-424	-800	-424	-800	-424	-93.869	-424	-18.936	-424
R214	-800	-426	-800	-426	-800	-426	-800	-426	-800	-426	-104.608	-426	-19.613	-426
R215	-800	-428	-800	-428	-800	-428	-800	-428	-800	-428	-119.162	-428	-20.318	-428
R216	-800	-430	-800	-430	-800	-430	-800	-430	-800	-430	-140.276	-430	-21.052	-430
R217	-800	-432	-800	-432	-800	-432	-800	-432	-800	-432	-174.582	-432	-21.816	-432
R218	-800	-434	-800	-434	-800	-434	-800	-434	-800	-434	-242.777	-434	-22.614	-434
R219	-800	-436	-800	-436	-800	-436	-800	-436	-800	-436	-418.193	-436	-23.447	-436
R220	-800	-438	-800	-438	-800	-438	-800	-438	-800	-438	-750.849	-438	-24.318	-438
R221	-800	-440	-800	-440	-800	-440	-800	-440	-800	-440	-799.466	-440	-25.228	-440
R222	-800	-442	-800	-442	-800	-442	-800	-442	-800	-442	-799.995	-442	-26.183	-442
R223	-800	-444	-800	-444	-800	-444	-800	-444	-800	-444	-800	-444	-27.184	-444
R224	-800	-446	-800	-446	-800	-446	-800	-446	-800	-446	-800	-446	-28.237	-446
R225	-800	-448	-800	-448	-800	-448	-800	-448	-800	-448	-800	-448	-29.345	-448
R226	-800	-450	-800	-450	-800	-450	-800	-450	-800	-450	-800	-450	-30.512	-450
R227	-800	-452	-800	-452	-800	-452	-800	-452	-800	-452	-800	-452	-31.743	-452
R228	-800	-454	-800	-454	-800	-454	-800	-454	-800	-454	-800	-454	-33.045	-454
R229	-800	-456	-800	-456	-800	-456	-800	-456	-800	-456	-800	-456	-34.427	-456
R230	-800	-458	-800	-458	-800	-458	-800	-458	-800	-458	-800	-458	-35.897	-458
R231	-800	-460	-800	-460	-800	-460	-800	-460	-800	-460	-800	-460	-37.459	-460
R232	-800	-462	-800	-462	-800	-462	-800	-462	-800	-462	-800	-462	-39.124	-462
R233	-800	-464	-800	-464	-800	-464	-800	-464	-800	-464	-800	-464	-40.907	-464
R234	-800	-466	-800	-466	-800	-466	-800	-466	-800	-466	-800	-466	-42.828	-466
R235	-800	-468	-800	-468	-800	-468	-800	-468	-800	-468	-800	-468	-44.901	-468
R236	-800	-470	-800	-470	-800	-470	-800	-470	-800	-470	-800	-470	-47.137	-470
R237	-800	-472	-800	-472	-800	-472	-800	-472	-800	-472	-800	-472	-49.565	-472
R238	-800	-474	-800	-474	-800	-474	-800	-474	-800	-474	-800	-474	-52.227	-474
R239	-800	-476	-800	-476	-800	-476	-800	-476	-800	-476	-800	-476	-55.163	-476
R240	-800	-478	-800	-478	-800	-478	-800	-478	-800	-478	-800	-478	-58.397	-478
R241	-800	-480	-800	-480	-800	-480	-800	-480	-800	-480	-800	-480	-61.998	-480
R242	-800	-482	-800	-482	-800	-482	-800	-482	-800	-482	-800	-482	-66.092	-482
R243	-800	-484	-800	-484	-800	-484	-800	-484	-800	-484	-800	-484	-70.751	-484
R244	-800	-486	-800	-486	-800	-486	-800	-486	-800	-486	-800	-486	-76.09	-486
R245	-800	-488	-800	-488	-800	-488	-800	-488	-800	-488	-800	-488	-82.432	-488
R246	-800	-490	-800	-490	-800	-490	-800	-490	-800	-490	-800	-490	-90.053	-490
R247	-800	-492	-800	-492	-800	-492	-800	-492	-800	-492	-800	-492	-99.568	-492
R248	-800	-494	-800	-494	-800	-494	-800	-494	-800	-494	-800	-494	-111.995	-494
R249	-800	-496	-800	-496	-800	-496	-800	-496	-800	-496	-800	-496	-128.771	-496
R250	-800	-498	-800	-498	-800	-498	-800	-498	-800	-498	-800	-498	-154.743	-498
R251	-800	-500	-800	-500	-800	-500	-800	-500	-800	-500	-800	-500	-202.083	-500
R252	-800	-502	-800	-502	-800	-502	-800	-502	-800	-502	-800	-502	-305.986	-502
R253	-800	-504	-800	-504	-800	-504	-800	-504	-800	-504	-800	-504	-583.328	-504
R254	-800	-506	-800	-506	-800	-506	-800	-506	-800	-506	-800	-506	-793.615	-506
R255	-800	-508	-800	-508	-800	-508	-800	-508	-800	-508	-800	-508	-799.943	-508
R256	-800	-510	-800	-510	-800	-510	-800	-510	-800	-510	-800	-510	-800	-510
R257	-800	-512	-800	-512	-800	-512	-800	-512	-800	-512	-800	-512	-800	-512
R258	-800	-514	-800	-514	-800	-514	-800	-514	-800	-514	-800	-514	-800	-514
R259	-800	-516	-800	-516	-800	-516	-800	-516	-800	-516	-800	-516	-800	-516
R260	-800	-518	-800	-518	-800	-518	-800	-518	-800	-518	-800	-518	-800	-518
R261	-800	-520	-800	-520	-800	-520	-800	-520	-800	-520	-800	-520	-800	-520
R262	-800	-522	-800	-522	-800	-522	-800	-522	-800	-522	-800	-522	-800	-522
R263	-800	-524	-800	-524	-800	-524	-800	-524	-800	-524	-800	-524	-800	-524
R264	-800	-526	-800	-526	-800	-526	-800	-526	-800	-526	-800	-526	-800	-526
R265	-800	-528	-800	-528	-800	-528	-800	-528	-800	-528	-800	-528	-800	-528
R266	-800	-530	-800	-530	-800	-530	-800	-530	-800	-530	-800	-530	-800	-530
R267	-800	-532	-800	-532	-800	-532	-800	-532	-800	-532	-800	-532	-800	-532
R268	-800	-534	-800	-534	-800	-534	-800	-534	-800	-534	-800	-534	-800	-534
R269	-800	-536	-800	-536	-800	-536	-800	-536	-800	-536	-800	-536	-800	-536
R270	-800	-538	-800	-538	-800	-538	-800	-538	-800	-538	-800	-538	-800	-538
R271	-800	-540	-800	-540	-800	-540	-800	-540	-800	-540	-800	-540	-800	-540
R272	-800	-542	-800	-542	-800	-542	-800	-542	-800	-542	-800	-542	-800	-542
R273	-800	-544	-800	-544	-800	-544	-800	-544	-800	-544	-800	-544	-800	-544
R274	-800	-546	-800	-546	-800	-546	-800	-546	-800	-546	-800	-546	-800	-546
R275	-800	-548	-800	-548	-800	-548	-800	-548	-800	-548	-800	-548	-800	-548
R276	-800	-550	-800	-550	-800	-550	-800	-550	-800	-550	-800	-550	-800	-550
R277	-800	-552	-800	-552	-800	-552	-800	-552	-800	-552	-800	-552	-800	-552
R278	-800	-554	-800	-554	-800	-554	-800	-554	-800	-554	-800	-554	-800	-554
R279	-800	-556	-800	-556	-800	-556	-800	-556	-800	-556	-800	-556	-800	-556
R280	-800	-558	-800	-558	-800	-558	-800	-558	-800	-558	-800	-558	-800	-558
R281	-800	-560	-800	-560	-800	-560	-800	-560	-800	-560	-800	-560	-800	-560
R282	-800	-562	-800	-562	-800	-562	-800	-562	-800	-562	-800	-562	-800	-562
R283	-800	-564	-800	-564	-800	-564	-800	-564	-800	-564	-800	-564	-800	-564
R284	-800	-566	-800	-566	-800	-566	-800	-566	-800	-566	-800	-566	-800	-566
R285	-800	-568	-800	-568	-800	-568	-800	-568	-800	-568	-800	-568	-800	-568
R286	-800	-570	-800	-570	-800	-570	-800	-570	-800	-570	-800	-570	-800	-570
R287	-800	-572	-800	-572	-800	-572	-800	-572	-800	-572	-800	-572	-800	-572
R288	-800	-574	-800	-574	-800	-574	-800	-574	-800	-574	-800	-574	-800	-574
R289	-800	-576	-800	-576	-800	-576	-800	-576	-800	-576	-800	-576	-800	-576
R290	-800	-578	-800	-578	-800	-578	-800	-578	-800	-578	-800	-578	-800	-578
R291	-800	-580	-800	-580	-800	-580	-800	-580	-800	-580	-800	-580	-800	-580
R292	-800	-582	-800	-582	-800	-582	-800	-582	-800	-582	-800	-582	-800	-582
R293	-800	-584	-800	-584	-800	-584	-800	-584	-800	-584	-800	-584	-800	-584
R294	-800	-586	-800	-586	-800	-586	-800	-586	-800	-586	-800	-586	-800	-586
R295	-800	-588	-800	-588	-800	-588	-800	-588	-800	-588	-800	-588	-800	-588
R296	-800	-590	-800	-590	-800	-590	-800	-590	-800	-590	-800	-590	-800	-590
R297	-800	-592	-800	-592	-800	-592	-800	-592	-800	-592	-800	-592	-800	-592
R298	-800	-594	-800	-594	-800	-594	-800	-594	-800	-594	-800	-594	-800	-594
R299	-800	-596	-800	-596	-800	-596	-800	-596	-800	-596	-800	-596	-800	-596
R300	-800	-598	-800	-598	-800	-598	-800	-598	-800	-598	-800	-598	-800	-598
R301	-800	-600	-800	-600	-800	-600	-800	-600	-800	-600	-800	-600	-800	-600