R	C1	C2	C3	C4	C5	C6	C7	C8	C9	C10	C11	C12	C13	C14
R1	0.17	0	0.17	0	0.17	0	0.17	0	0.17	0	0.17	0	0.17	0
R2	1.668e-006	-2	0.17	-2	0.17	-2	0.17	-2	0.17	-2	0.17	-2	0.17	-2
R3	1.668e-006	-4	0.17	-4	0.17	-4	0.17	-4	0.17	-4	0.17	-4	0.17	-4
R4	1.668e-006	-6	0.17	-6	0.17	-6	0.17	-6	0.17	-6	0.17	-6	0.17	-6
R5	1.668e-006	-8	0.17	-8	0.17	-8	0.17	-8	0.17	-8	0.17	-8	0.17	-8
R6	1.668e-006	-10	0.17	-10	0.17	-10	0.17	-10	0.17	-10	0.17	-10	0.17	-10
R7	1.668e-006	-12	0.17	-12	0.17	-12	0.17	-12	0.17	-12	0.17	-12	0.17	-12
R8	1.668e-006	-14	0.17	-14	0.17	-14	0.17	-14	0.17	-14	0.17	-14	0.17	-14
R9	1.668e-006	-16	0.17	-16	0.17	-16	0.17	-16	0.17	-16	0.17	-16	0.17	-16
R10	1.668e-006	-18	0.17	-18	0.17	-18	0.17	-18	0.17	-18	0.17	-18	0.17	-18
R11	1.668e-006	-20	0.17	-20	0.17	-20	0.17	-20	0.17	-20	0.17	-20	0.17	-20
R12	1.668e-006	-22	0.17	-22	0.17	-22	0.17	-22	0.17	-22	0.17	-22	0.17	-22
R13	1.668e-006	-24	0.17	-24	0.17	-24	0.17	-24	0.17	-24	0.17	-24	0.17	-24
R14	1.668e-006	-26	0.17	-26	0.17	-26	0.17	-26	0.17	-26	0.17	-26	0.17	-26
R15	1.668e-006	-28	0.17	-28	0.17	-28	0.17	-28	0.17	-28	0.17	-28	0.17	-28
R16	1.668e-006	-30	0.17	-30	0.17	-30	0.17	-30	0.17	-30	0.17	-30	0.17	-30
R17	1.668e-006	-32	0.17	-32	0.17	-32	0.17	-32	0.17	-32	0.17	-32	0.17	-32
R18	1.668e-006	-34	0.17	-34	0.17	-34	0.17	-34	0.17	-34	0.17	-34	0.17	-34
R19	1.668e-006	-36	0.17	-36	0.17	-36	0.17	-36	0.17	-36	0.17	-36	0.17	-36
R20	1.668e-006	-38	0.17	-38	0.17	-38	0.17	-38	0.17	-38	0.17	-38	0.17	-38
R21	1.668e-006	-40	0.17	-40	0.17	-40	0.17	-40	0.17	-40	0.17	-40	0.17	-40
R22	1.668e-006	-42	0.17	-42	0.17	-42	0.17	-42	0.17	-42	0.17	-42	0.17	-42
R23	1.668e-006	-44	0.17	-44	0.17	-44	0.17	-44	0.17	-44	0.17	-44	0.17	-44
R24	1.668e-006	-46	0.17	-46	0.17	-46	0.17	-46	0.17	-46	0.17	-46	0.17	-46
R25	1.668e-006	-48	0.17	-48	0.17	-48	0.17	-48	0.17	-48	0.17	-48	0.17	-48
R26	1.668e-006	-50	0.17	-50	0.17	-50	0.17	-50	0.17	-50	0.17	-50	0.17	-50
R27	1.668e-006	-52	0.17	-52	0.17	-52	0.17	-52	0.17	-52	0.17	-52	0.17	-52
R28	1.668e-006	-54	0.17	-54	0.17	-54	0.17	-54	0.17	-54	0.17	-54	0.17	-54
R29	1.668e-006	-56	0.17	-56	0.17	-56	0.17	-56	0.17	-56	0.17	-56	0.17	-56
R30	1.668e-006	-58	0.17	-58	0.17	-58	0.17	-58	0.17	-58	0.17	-58	0.17	-58
R31	1.668e-006	-60	0.1698	-60	0.17	-60	0.17	-60	0.17	-60	0.17	-60	0.17	-60
R32	1.668e-006	-62	0.169	-62	0.17	-62	0.17	-62	0.17	-62	0.17	-62	0.17	-62
R33	1.668e-006	-64	0.168	-64	0.17	-64	0.17	-64	0.17	-64	0.17	-64	0.17	-64
R34	1.668e-006	-66	0.1668	-66	0.17	-66	0.17	-66	0.17	-66	0.17	-66	0.17	-66
R35	1.668e-006	-68	0.1655	-68	0.17	-68	0.17	-68	0.17	-68	0.17	-68	0.17	-68
R36	1.668e-006	-70	0.1641	-70	0.17	-70	0.17	-70	0.17	-70	0.17	-70	0.17	-70
R37	1.668e-006	-72	0.1625	-72	0.17	-72	0.17	-72	0.17	-72	0.17	-72	0.17	-72
R38	1.668e-006	-74	0.1609	-74	0.17	-74	0.17	-74	0.17	-74	0.17	-74	0.17	-74
R39	1.668e-006	-76	0.1591	-76	0.17	-76	0.17	-76	0.17	-76	0.17	-76	0.17	-76
R40	1.668e-006	-78	0.1571	-78	0.17	-78	0.17	-78	0.17	-78	0.17	-78	0.17	-78
R41	1.668e-006	-80	0.1551	-80	0.17	-80	0.17	-80	0.17	-80	0.17	-80	0.17	-80
R42	1.668e-006	-82	0.1529	-82	0.17	-82	0.17	-82	0.17	-82	0.17	-82	0.17	-82
R43	1.668e-006	-84	0.1506	-84	0.17	-84	0.17	-84	0.17	-84	0.17	-84	0.17	-84
R44	1.668e-006	-86	0.1481	-86	0.17	-86	0.17	-86	0.17	-86	0.17	-86	0.17	-86
R45	1.668e-006	-88	0.1455	-88	0.17	-88	0.17	-88	0.17	-88	0.17	-88	0.17	-88
R46	1.668e-006	-90	0.1426	-90	0.17	-90	0.17	-90	0.17	-90	0.17	-90	0.17	-90
R47	1.668e-006	-92	0.1397	-92	0.17	-92	0.17	-92	0.17	-92	0.17	-92	0.17	-92
R48	1.668e-006	-94	0.1365	-94	0.17	-94	0.17	-94	0.17	-94	0.17	-94	0.17	-94
R49	1.668e-006	-96	0.1331	-96	0.17	-96	0.17	-96	0.17	-96	0.17	-96	0.17	-96
R50	1.668e-006	-98	0.1296	-98	0.17	-98	0.17	-98	0.17	-98	0.17	-98	0.17	-98
R51	1.668e-006	-100	0.1258	-100	0.17	-100	0.17	-100	0.17	-100	0.17	-100	0.17	-100
R52	1.668e-006	-102	0.1217	-102	0.17	-102	0.17	-102	0.17	-102	0.17	-102	0.17	-102
R53	1.668e-006	-104	0.1174	-104	0.17	-104	0.17	-104	0.17	-104	0.17	-104	0.17	-104
R54	1.668e-006	-106	0.1129	-106	0.17	-106	0.17	-106	0.17	-106	0.17	-106	0.17	-106
R55	1.668e-006	-108	0.1081	-108	0.1698	-108	0.17	-108	0.17	-108	0.17	-108	0.17	-108
R56	1.668e-006	-110	0.1028	-110	0.1693	-110	0.17	-110	0.17	-110	0.17	-110	0.17	-110
R57	1.668e-006	-112	0.09745	-112	0.1688	-112	0.17	-112	0.17	-112	0.17	-112	0.17	-112
R58	1.668e-006	-114	0.09164	-114	0.1683	-114	0.17	-114	0.17	-114	0.17	-114	0.17	-114
R59	1.668e-006	-116	0.08526	-116	0.1677	-116	0.17	-116	0.17	-116	0.17	-116	0.17	-116
R60	1.668e-006	-118	0.07898	-118	0.167	-118	0.17	-118	0.17	-118	0.17	-118	0.17	-118
R61	1.668e-006	-120	0.07198	-120	0.1663	-120	0.17	-120	0.17	-120	0.17	-120	0.17	-120
R62	1.668e-006	-122	0.06463	-122	0.1655	-122	0.17	-122	0.17	-122	0.17	-122	0.17	-122
R63	1.668e-006	-124	0.0572	-124	0.1647	-124	0.17	-124	0.17	-124	0.17	-124	0.17	-124
R64	1.668e-006	-126	0.04864	-126	0.1638	-126	0.17	-126	0.17	-126	0.17	-126	0.17	-126
R65	1.668e-006	-128	0.041	-128	0.1629	-128	0.17	-128	0.17	-128	0.17	-128	0.17	-128
R66	1.668e-006	-130	0.0319	-130	0.1619	-130	0.17	-130	0.17	-130	0.17	-130	0.17	-130
R67	1.668e-006	-132	0.02409	-132	0.1609	-132	0.17	-132	0.17	-132	0.17	-132	0.17	-132
R68	1.668e-006	-134	0.01609	-134	0.1598	-134	0.17	-134	0.17	-134	0.17	-134	0.17	-134
R69	1.668e-006	-136	0.008819	-136	0.1587	-136	0.17	-136	0.17	-136	0.17	-136	0.17	-136
R70	1.668e-006	-138	0.003467	-138	0.1575	-138	0.17	-138	0.17	-138	0.17	-138	0.17	-138
R71	1.668e-006	-140	0.0006153	-140	0.1562	-140	0.17	-140	0.17	-140	0.17	-140	0.17	-140
R72	1.668e-006	-142	2.693e-005	-142	0.155	-142	0.17	-142	0.17	-142	0.17	-142	0.17	-142
R73	1.668e-006	-144	2.028e-006	-144	0.1535	-144	0.17	-144	0.17	-144	0.17	-144	0.17	-144
R74	1.668e-006	-146	1.671e-006	-146	0.1521	-146	0.17	-146	0.17	-146	0.17	-146	0.17	-146
R75	1.668e-006	-148	1.668e-006	-148	0.1506	-148	0.17	-148	0.17	-148	0.17	-148	0.17	-148
R76	1.668e-006	-150	1.668e-006	-150	0.149	-150	0.17	-150	0.17	-150	0.17	-150	0.17	-150
R77	1.668e-006	-152	1.668e-006	-152	0.1473	-152	0.17	-152	0.17	-152	0.17	-152	0.17	-152
R78	1.668e-006	-154	1.668e-006	-154	0.1456	-154	0.17	-154	0.17	-154	0.17	-154	0.17	-154
R79	1.668e-006	-156	1.668e-006	-156	0.1437	-156	0.1698	-156	0.17	-156	0.17	-156	0.17	-156
R80	1.668e-006	-158	1.668e-006	-158	0.1417	-158	0.1696	-158	0.17	-158	0.17	-158	0.17	-158
R81	1.668e-006	-160	1.668e-006	-160	0.1397	-160	0.1693	-160	0.17	-160	0.17	-160	0.17	-160
R82	1.668e-006	-162	1.668e-006	-162	0.1376	-162	0.1689	-162	0.17	-162	0.17	-162	0.17	-162
R83	1.668e-006	-164	1.668e-006	-164	0.1353	-164	0.1685	-164	0.17	-164	0.17	-164	0.17	-164
R84	1.668e-006	-166	1.668e-006	-166	0.1329	-166	0.1681	-166	0.17	-166	0.17	-166	0.17	-166
R85	1.668e-006	-168	1.668e-006	-168	0.1304	-168	0.1677	-168	0.17	-168	0.17	-168	0.17	-168
R86	1.668e-006	-170	1.668e-006	-170	0.1278	-170	0.1672	-170	0.17	-170	0.17	-170	0.17	-170
R87	1.668e-006	-172	1.668e-006	-172	0.125	-172	0.1667	-172	0.17	-172	0.17	-172	0.17	-172
R88	1.668e-006	-174	1.668e-006	-174	0.1221	-174	0.1662	-174	0.17	-174	0.17	-174	0.17	-174
R89	1.668e-006	-176	1.668e-006	-176	0.119	-176	0.1656	-176	0.17	-176	0.17	-176	0.17	-176
R90	1.668e-006	-178	1.668e-006	-178	0.1157	-178	0.1651	-178	0.17	-178	0.17	-178	0.17	-178
R91	1.668e-006	-180	1.668e-006	-180	0.1123	-180	0.1645	-180	0.17	-180	0.17	-180	0.17	-180
R92	1.668e-006	-182	1.668e-006	-182	0.1087	-182	0.1638	-182	0.17	-182	0.17	-182	0.17	-182
R93	1.668e-006	-184	1.668e-006	-184	0.1048	-184	0.1631	-184	0.17	-184	0.17	-184	0.17	-184
R94	1.668e-006	-186	1.668e-006	-186	0.1008	-186	0.1624	-186	0.17	-186	0.17	-186	0.17	-186
R95	1.668e-006	-188	1.668e-006	-188	0.09658	-188	0.1617	-188	0.17	-188	0.17	-188	0.17	-188
R96	1.668e-006	-190	1.668e-006	-190	0.09209	-190	0.161	-190	0.17	-190	0.17	-190	0.17	-190
R97	1.668e-006	-192	1.668e-006	-192	0.08721	-192	0.1601	-192	0.17	-192	0.17	-192	0.17	-192
R98	1.668e-006	-194	1.668e-006	-194	0.08226	-194	0.1593	-194	0.17	-194	0.17	-194	0.17	-194
R99	1.668e-006	-196	1.668e-006	-196	0.0771	-196	0.1585	-196	0.17	-196	0.17	-196	0.17	-196
R100	1.668e-006	-198	1.668e-006	-198	0.0714	-198	0.1575	-198	0.17	-198	0.17	-198	0.17	-198
R101	1.668e-006	-200	1.668e-006	-200	0.06543	-200	0.1566	-200	0.17	-200	0.17	-200	0.17	-200
R102	1.668e-006	-202	1.668e-006	-202	0.05959	-202	0.1556	-202	0.17	-202	0.17	-202	0.17	-202
R103	1.668e-006	-204	1.668e-006	-204	0.05297	-204	0.1546	-204	0.1699	-204	0.17	-204	0.17	-204
R104	1.668e-006	-206	1.668e-006	-206	0.04629	-206	0.1535	-206	0.1698	-206	0.17	-206	0.17	-206
R105	1.668e-006	-208	1.668e-006	-208	0.03971	-208	0.1523	-208	0.1696	-208	0.17	-208	0.17	-208
R106	1.668e-006	-210	1.668e-006	-210	0.03201	-210	0.1512	-210	0.1694	-210	0.17	-210	0.17	-210
R107	1.668e-006	-212	1.668e-006	-212	0.02567	-212	0.15	-212	0.1691	-212	0.17	-212	0.17	-212
R108	1.668e-006	-214	1.668e-006	-214	0.01828	-214	0.1487	-214	0.1688	-214	0.17	-214	0.17	-214
R109	1.668e-006	-216	1.668e-006	-216	0.01199	-216	0.1473	-216	0.1685	-216	0.17	-216	0.17	-216
R110	1.668e-006	-218	1.668e-006	-218	0.006519	-218	0.1459	-218	0.1682	-218	0.17	-218	0.17	-218
R111	1.668e-006	-220	1.668e-006	-220	0.002274	-220	0.1445	-220	0.1679	-220	0.17	-220	0.17	-220
R112	1.668e-006	-222	1.668e-006	-222	0.0003736	-222	0.1429	-222	0.1675	-222	0.17	-222	0.17	-222
R113	1.668e-006	-224	1.668e-006	-224	1.503e-005	-224	0.1413	-224	0.1672	-224	0.17	-224	0.17	-224
R114	1.668e-006	-226	1.668e-006	-226	1.876e-006	-226	0.1396	-226	0.1668	-226	0.17	-226	0.17	-226
R115	1.668e-006	-228	1.668e-006	-228	1.67e-006	-228	0.1379	-228	0.1664	-228	0.17	-228	0.17	-228
R116	1.668e-006	-230	1.668e-006	-230	1.668e-006	-230	0.136	-230	0.1659	-230	0.17	-230	0.17	-230
R117	1.668e-006	-232	1.668e-006	-232	1.668e-006	-232	0.1341	-232	0.1655	-232	0.17	-232	0.17	-232
R118	1.668e-006	-234	1.668e-006	-234	1.668e-006	-234	0.132	-234	0.165	-234	0.17	-234	0.17	-234
R119	1.668e-006	-236	1.668e-006	-236	1.668e-006	-236	0.1299	-236	0.1645	-236	0.17	-236	0.17	-236
R120	1.668e-006	-238	1.668e-006	-238	1.668e-006	-238	0.1277	-238	0.164	-238	0.17	-238	0.17	-238
R121	1.668e-006	-240	1.668e-006	-240	1.668e-006	-240	0.1253	-240	0.1635	-240	0.17	-240	0.17	-240
R122	1.668e-006	-242	1.668e-006	-242	1.668e-006	-242	0.1229	-242	0.163	-242	0.17	-242	0.17	-242
R123	1.668e-006	-244	1.668e-006	-244	1.668e-006	-244	0.1203	-244	0.1624	-244	0.17	-244	0.17	-244
R124	1.668e-006	-246	1.668e-006	-246	1.668e-006	-246	0.1176	-246	0.1618	-246	0.17	-246	0.17	-246
R125	1.668e-006	-248	1.668e-006	-248	1.668e-006	-248	0.1147	-248	0.1612	-248	0.17	-248	0.17	-248
R126	1.668e-006	-250	1.668e-006	-250	1.668e-006	-250	0.1117	-250	0.1605	-250	0.17	-250	0.17	-250
R127	1.668e-006	-252	1.668e-006	-252	1.668e-006	-252	0.1085	-252	0.1599	-252	0.17	-252	0.17	-252
R128	1.668e-006	-254	1.668e-006	-254	1.668e-006	-254	0.1052	-254	0.1592	-254	0.17	-254	0.17	-254
R129	1.668e-006	-256	1.668e-006	-256	1.668e-006	-256	0.1016	-256	0.1585	-256	0.1698	-256	0.17	-256
R130	1.668e-006	-258	1.668e-006	-258	1.668e-006	-258	0.098	-258	0.1577	-258	0.1697	-258	0.17	-258
R131	1.668e-006	-260	1.668e-006	-260	1.668e-006	-260	0.09414	-260	0.1569	-260	0.1695	-260	0.17	-260
R132	1.668e-006	-262	1.668e-006	-262	1.668e-006	-262	0.08999	-262	0.1561	-262	0.1693	-262	0.17	-262
R133	1.668e-006	-264	1.668e-006	-264	1.668e-006	-264	0.0855	-264	0.1553	-264	0.1691	-264	0.17	-264
R134	1.668e-006	-266	1.668e-006	-266	1.668e-006	-266	0.08114	-266	0.1544	-266	0.1689	-266	0.17	-266
R135	1.668e-006	-268	1.668e-006	-268	1.668e-006	-268	0.07643	-268	0.1534	-268	0.1686	-268	0.17	-268
R136	1.668e-006	-270	1.668e-006	-270	1.668e-006	-270	0.07126	-270	0.1525	-270	0.1684	-270	0.17	-270
R137	1.668e-006	-272	1.668e-006	-272	1.668e-006	-272	0.06583	-272	0.1515	-272	0.1681	-272	0.17	-272
R138	1.668e-006	-274	1.668e-006	-274	1.668e-006	-274	0.0606	-274	0.1505	-274	0.1679	-274	0.17	-274
R139	1.668e-006	-276	1.668e-006	-276	1.668e-006	-276	0.05474	-276	0.1494	-276	0.1676	-276	0.17	-276
R140	1.668e-006	-278	1.668e-006	-278	1.668e-006	-278	0.04829	-278	0.1482	-278	0.1673	-278	0.17	-278
R141	1.668e-006	-280	1.668e-006	-280	1.668e-006	-280	0.04259	-280	0.1471	-280	0.167	-280	0.17	-280
R142	1.668e-006	-282	1.668e-006	-282	1.668e-006	-282	0.03592	-282	0.1459	-282	0.1666	-282	0.17	-282
R143	1.668e-006	-284	1.668e-006	-284	1.668e-006	-284	0.02949	-284	0.1446	-284	0.1663	-284	0.17	-284
R144	1.668e-006	-286	1.668e-006	-286	1.668e-006	-286	0.02307	-286	0.1432	-286	0.1659	-286	0.17	-286
R145	1.668e-006	-288	1.668e-006	-288	1.668e-006	-288	0.01679	-288	0.1418	-288	0.1655	-288	0.17	-288
R146	1.668e-006	-290	1.668e-006	-290	1.668e-006	-290	0.01052	-290	0.1404	-290	0.1652	-290	0.17	-290
R147	1.668e-006	-292	1.668e-006	-292	1.668e-006	-292	0.005745	-292	0.1389	-292	0.1648	-292	0.17	-292
R148	1.668e-006	-294	1.668e-006	-294	1.668e-006	-294	0.001975	-294	0.1373	-294	0.1643	-294	0.17	-294
R149	1.668e-006	-296	1.668e-006	-296	1.668e-006	-296	0.0003055	-296	0.1356	-296	0.1639	-296	0.17	-296
R150	1.668e-006	-298	1.668e-006	-298	1.668e-006	-298	1.206e-005	-298	0.1339	-298	0.1635	-298	0.17	-298
R151	1.668e-006	-300	1.668e-006	-300	1.668e-006	-300	1.834e-006	-300	0.1321	-300	0.163	-300	0.17	-300
R152	1.668e-006	-302	1.668e-006	-302	1.668e-006	-302	1.669e-006	-302	0.1302	-302	0.1625	-302	0.17	-302
R153	1.668e-006	-304	1.668e-006	-304	1.668e-006	-304	1.668e-006	-304	0.1282	-304	0.162	-304	0.17	-304
R154	1.668e-006	-306	1.668e-006	-306	1.668e-006	-306	1.668e-006	-306	0.1261	-306	0.1615	-306	0.1699	-306
R155	1.668e-006	-308	1.668e-006	-308	1.668e-006	-308	1.668e-006	-308	0.1239	-308	0.161	-308	0.1698	-308
R156	1.668e-006	-310	1.668e-006	-310	1.668e-006	-310	1.668e-006	-310	0.1216	-310	0.1604	-310	0.1697	-310
R157	1.668e-006	-312	1.668e-006	-312	1.668e-006	-312	1.668e-006	-312	0.1192	-312	0.1598	-312	0.1695	-312
R158	1.668e-006	-314	1.668e-006	-314	1.668e-006	-314	1.668e-006	-314	0.1167	-314	0.1592	-314	0.1694	-314
R159	1.668e-006	-316	1.668e-006	-316	1.668e-006	-316	1.668e-006	-316	0.114	-316	0.1586	-316	0.1692	-316
R160	1.668e-006	-318	1.668e-006	-318	1.668e-006	-318	1.668e-006	-318	0.1113	-318	0.1579	-318	0.169	-318
R161	1.668e-006	-320	1.668e-006	-320	1.668e-006	-320	1.668e-006	-320	0.1084	-320	0.1572	-320	0.1688	-320
R162	1.668e-006	-322	1.668e-006	-322	1.668e-006	-322	1.668e-006	-322	0.1053	-322	0.1565	-322	0.1686	-322
R163	1.668e-006	-324	1.668e-006	-324	1.668e-006	-324	1.668e-006	-324	0.102	-324	0.1558	-324	0.1684	-324
R164	1.668e-006	-326	1.668e-006	-326	1.668e-006	-326	1.668e-006	-326	0.09863	-326	0.1551	-326	0.1682	-326
R165	1.668e-006	-328	1.668e-006	-328	1.668e-006	-328	1.668e-006	-328	0.0951	-328	0.1543	-328	0.1679	-328
R166	1.668e-006	-330	1.668e-006	-330	1.668e-006	-330	1.668e-006	-330	0.09131	-330	0.1535	-330	0.1677	-330
R167	1.668e-006	-332	1.668e-006	-332	1.668e-006	-332	1.668e-006	-332	0.08723	-332	0.1526	-332	0.1674	-332
R168	1.668e-006	-334	1.668e-006	-334	1.668e-006	-334	1.668e-006	-334	0.08309	-334	0.1517	-334	0.1672	-334
R169	1.668e-006	-336	1.668e-006	-336	1.668e-006	-336	1.668e-006	-336	0.07884	-336	0.1508	-336	0.1669	-336
R170	1.668e-006	-338	1.668e-006	-338	1.668e-006	-338	1.668e-006	-338	0.07422	-338	0.1499	-338	0.1666	-338
R171	1.668e-006	-340	1.668e-006	-340	1.668e-006	-340	1.668e-006	-340	0.06914	-340	0.1489	-340	0.1663	-340
R172	1.668e-006	-342	1.668e-006	-342	1.668e-006	-342	1.668e-006	-342	0.06419	-342	0.1478	-342	0.166	-342
R173	1.668e-006	-344	1.668e-006	-344	1.668e-006	-344	1.668e-006	-344	0.05908	-344	0.1468	-344	0.1657	-344
R174	1.668e-006	-346	1.668e-006	-346	1.668e-006	-346	1.668e-006	-346	0.05335	-346	0.1457	-346	0.1654	-346
R175	1.668e-006	-348	1.668e-006	-348	1.668e-006	-348	1.668e-006	-348	0.04738	-348	0.1445	-348	0.1651	-348
R176	1.668e-006	-350	1.668e-006	-350	1.668e-006	-350	1.668e-006	-350	0.04185	-350	0.1433	-350	0.1647	-350
R177	1.668e-006	-352	1.668e-006	-352	1.668e-006	-352	1.668e-006	-352	0.03538	-352	0.142	-352	0.1643	-352
R178	1.668e-006	-354	1.668e-006	-354	1.668e-006	-354	1.668e-006	-354	0.02932	-354	0.1407	-354	0.1639	-354
R179	1.668e-006	-356	1.668e-006	-356	1.668e-006	-356	1.668e-006	-356	0.02318	-356	0.1393	-356	0.1636	-356
R180	1.668e-006	-358	1.668e-006	-358	1.668e-006	-358	1.668e-006	-358	0.01707	-358	0.1379	-358	0.1632	-358
R181	1.668e-006	-360	1.668e-006	-360	1.668e-006	-360	1.668e-006	-360	0.01111	-360	0.1364	-360	0.1627	-360
R182	1.668e-006	-362	1.668e-006	-362	1.668e-006	-362	1.668e-006	-362	0.006348	-362	0.1348	-362	0.1623	-362
R183	1.668e-006	-364	1.668e-006	-364	1.668e-006	-364	1.668e-006	-364	0.002476	-364	0.1332	-364	0.1618	-364
R184	1.668e-006	-366	1.668e-006	-366	1.668e-006	-366	1.668e-006	-366	0.0005019	-366	0.1315	-366	0.1614	-366
R185	1.668e-006	-368	1.668e-006	-368	1.668e-006	-368	1.668e-006	-368	2.666e-005	-368	0.1297	-368	0.1609	-368
R186	1.668e-006	-370	1.668e-006	-370	1.668e-006	-370	1.668e-006	-370	2.086e-006	-370	0.1278	-370	0.1604	-370
R187	1.668e-006	-372	1.668e-006	-372	1.668e-006	-372	1.668e-006	-372	1.672e-006	-372	0.1259	-372	0.1599	-372
R188	1.668e-006	-374	1.668e-006	-374	1.668e-006	-374	1.668e-006	-374	1.668e-006	-374	0.1238	-374	0.1593	-374
R189	1.668e-006	-376	1.668e-006	-376	1.668e-006	-376	1.668e-006	-376	1.668e-006	-376	0.1217	-376	0.1588	-376
R190	1.668e-006	-378	1.668e-006	-378	1.668e-006	-378	1.668e-006	-378	1.668e-006	-378	0.1194	-378	0.1582	-378
R191	1.668e-006	-380	1.668e-006	-380	1.668e-006	-380	1.668e-006	-380	1.668e-006	-380	0.117	-380	0.1576	-380
R192	1.668e-006	-382	1.668e-006	-382	1.668e-006	-382	1.668e-006	-382	1.668e-006	-382	0.1146	-382	0.157	-382
R193	1.668e-006	-384	1.668e-006	-384	1.668e-006	-384	1.668e-006	-384	1.668e-006	-384	0.112	-384	0.1563	-384
R194	1.668e-006	-386	1.668e-006	-386	1.668e-006	-386	1.668e-006	-386	1.668e-006	-386	0.1093	-386	0.1557	-386
R195	1.668e-006	-388	1.668e-006	-388	1.668e-006	-388	1.668e-006	-388	1.668e-006	-388	0.1064	-388	0.155	-388
R196	1.668e-006	-390	1.668e-006	-390	1.668e-006	-390	1.668e-006	-390	1.668e-006	-390	0.1033	-390	0.1543	-390
R197	1.668e-006	-392	1.668e-006	-392	1.668e-006	-392	1.668e-006	-392	1.668e-006	-392	0.1002	-392	0.1535	-392
R198	1.668e-006	-394	1.668e-006	-394	1.668e-006	-394	1.668e-006	-394	1.668e-006	-394	0.0969	-394	0.1527	-394
R199	1.668e-006	-396	1.668e-006	-396	1.668e-006	-396	1.668e-006	-396	1.668e-006	-396	0.09342	-396	0.152	-396
R200	1.668e-006	-398	1.668e-006	-398	1.668e-006	-398	1.668e-006	-398	1.668e-006	-398	0.08969	-398	0.1511	-398
R201	1.668e-006	-400	1.668e-006	-400	1.668e-006	-400	1.668e-006	-400	1.668e-006	-400	0.08566	-400	0.1503	-400
R202	1.668e-006	-402	1.668e-006	-402	1.668e-006	-402	1.668e-006	-402	1.668e-006	-402	0.08176	-402	0.1494	-402
R203	1.668e-006	-404	1.668e-006	-404	1.668e-006	-404	1.668e-006	-404	1.668e-006	-404	0.07759	-404	0.1484	-404
R204	1.668e-006	-406	1.668e-006	-406	1.668e-006	-406	1.668e-006	-406	1.668e-006	-406	0.07304	-406	0.1474	-406
R205	1.668e-006	-408	1.668e-006	-408	1.668e-006	-408	1.668e-006	-408	1.668e-006	-408	0.06803	-408	0.1464	-408
R206	1.668e-006	-410	1.668e-006	-410	1.668e-006	-410	1.668e-006	-410	1.668e-006	-410	0.06336	-410	0.1454	-410
R207	1.668e-006	-412	1.668e-006	-412	1.668e-006	-412	1.668e-006	-412	1.668e-006	-412	0.05835	-412	0.1443	-412
R208	1.668e-006	-414	1.668e-006	-414	1.668e-006	-414	1.668e-006	-414	1.668e-006	-414	0.05273	-414	0.1432	-414
R209	1.668e-006	-416	1.668e-006	-416	1.668e-006	-416	1.668e-006	-416	1.668e-006	-416	0.04703	-416	0.142	-416
R210	1.668e-006	-418	1.668e-006	-418	1.668e-006	-418	1.668e-006	-418	1.668e-006	-418	0.04162	-418	0.1407	-418
R211	1.668e-006	-420	1.668e-006	-420	1.668e-006	-420	1.668e-006	-420	1.668e-006	-420	0.03532	-420	0.1394	-420
R212	1.668e-006	-422	1.668e-006	-422	1.668e-006	-422	1.668e-006	-422	1.668e-006	-422	0.02943	-422	0.1381	-422
R213	1.668e-006	-424	1.668e-006	-424	1.668e-006	-424	1.668e-006	-424	1.668e-006	-424	0.0235	-424	0.1367	-424
R214	1.668e-006	-426	1.668e-006	-426	1.668e-006	-426	1.668e-006	-426	1.668e-006	-426	0.01741	-426	0.1353	-426
R215	1.668e-006	-428	1.668e-006	-428	1.668e-006	-428	1.668e-006	-428	1.668e-006	-428	0.01173	-428	0.1337	-428
R216	1.668e-006	-430	1.668e-006	-430	1.668e-006	-430	1.668e-006	-430	1.668e-006	-430	0.00695	-430	0.1321	-430
R217	1.668e-006	-432	1.668e-006	-432	1.668e-006	-432	1.668e-006	-432	1.668e-006	-432	0.003029	-432	0.1305	-432
R218	1.668e-006	-434	1.668e-006	-434	1.668e-006	-434	1.668e-006	-434	1.668e-006	-434	0.0006926	-434	0.1287	-434
R219	1.668e-006	-436	1.668e-006	-436	1.668e-006	-436	1.668e-006	-436	1.668e-006	-436	4.96e-005	-436	0.1269	-436
R220	1.668e-006	-438	1.668e-006	-438	1.668e-006	-438	1.668e-006	-438	1.668e-006	-438	2.56e-006	-438	0.125	-438
R221	1.668e-006	-440	1.668e-006	-440	1.668e-006	-440	1.668e-006	-440	1.668e-006	-440	1.678e-006	-440	0.123	-440
R222	1.668e-006	-442	1.668e-006	-442	1.668e-006	-442	1.668e-006	-442	1.668e-006	-442	1.668e-006	-442	0.1209	-442
R223	1.668e-006	-444	1.668e-006	-444	1.668e-006	-444	1.668e-006	-444	1.668e-006	-444	1.668e-006	-444	0.1188	-444
R224	1.668e-006	-446	1.668e-006	-446	1.668e-006	-446	1.668e-006	-446	1.668e-006	-446	1.668e-006	-446	0.1165	-446
R225	1.668e-006	-448	1.668e-006	-448	1.668e-006	-448	1.668e-006	-448	1.668e-006	-448	1.668e-006	-448	0.1141	-448
R226	1.668e-006	-450	1.668e-006	-450	1.668e-006	-450	1.668e-006	-450	1.668e-006	-450	1.668e-006	-450	0.1116	-450
R227	1.668e-006	-452	1.668e-006	-452	1.668e-006	-452	1.668e-006	-452	1.668e-006	-452	1.668e-006	-452	0.1089	-452
R228	1.668e-006	-454	1.668e-006	-454	1.668e-006	-454	1.668e-006	-454	1.668e-006	-454	1.668e-006	-454	0.1062	-454
R229	1.668e-006	-456	1.668e-006	-456	1.668e-006	-456	1.668e-006	-456	1.668e-006	-456	1.668e-006	-456	0.1032	-456
R230	1.668e-006	-458	1.668e-006	-458	1.668e-006	-458	1.668e-006	-458	1.668e-006	-458	1.668e-006	-458	0.1002	-458
R231	1.668e-006	-460	1.668e-006	-460	1.668e-006	-460	1.668e-006	-460	1.668e-006	-460	1.668e-006	-460	0.09701	-460
R232	1.668e-006	-462	1.668e-006	-462	1.668e-006	-462	1.668e-006	-462	1.668e-006	-462	1.668e-006	-462	0.09366	-462
R233	1.668e-006	-464	1.668e-006	-464	1.668e-006	-464	1.668e-006	-464	1.668e-006	-464	1.668e-006	-464	0.09007	-464
R234	1.668e-006	-466	1.668e-006	-466	1.668e-006	-466	1.668e-006	-466	1.668e-006	-466	1.668e-006	-466	0.08621	-466
R235	1.668e-006	-468	1.668e-006	-468	1.668e-006	-468	1.668e-006	-468	1.668e-006	-468	1.668e-006	-468	0.0824	-468
R236	1.668e-006	-470	1.668e-006	-470	1.668e-006	-470	1.668e-006	-470	1.668e-006	-470	1.668e-006	-470	0.0784	-470
R237	1.668e-006	-472	1.668e-006	-472	1.668e-006	-472	1.668e-006	-472	1.668e-006	-472	1.668e-006	-472	0.07406	-472
R238	1.668e-006	-474	1.668e-006	-474	1.668e-006	-474	1.668e-006	-474	1.668e-006	-474	1.668e-006	-474	0.0693	-474
R239	1.668e-006	-476	1.668e-006	-476	1.668e-006	-476	1.668e-006	-476	1.668e-006	-476	1.668e-006	-476	0.06463	-476
R240	1.668e-006	-478	1.668e-006	-478	1.668e-006	-478	1.668e-006	-478	1.668e-006	-478	1.668e-006	-478	0.05988	-478
R241	1.668e-006	-480	1.668e-006	-480	1.668e-006	-480	1.668e-006	-480	1.668e-006	-480	1.668e-006	-480	0.0546	-480
R242	1.668e-006	-482	1.668e-006	-482	1.668e-006	-482	1.668e-006	-482	1.668e-006	-482	1.668e-006	-482	0.04871	-482
R243	1.668e-006	-484	1.668e-006	-484	1.668e-006	-484	1.668e-006	-484	1.668e-006	-484	1.668e-006	-484	0.04366	-484
R244	1.668e-006	-486	1.668e-006	-486	1.668e-006	-486	1.668e-006	-486	1.668e-006	-486	1.668e-006	-486	0.03788	-486
R245	1.668e-006	-488	1.668e-006	-488	1.668e-006	-488	1.668e-006	-488	1.668e-006	-488	1.668e-006	-488	0.03152	-488
R246	1.668e-006	-490	1.668e-006	-490	1.668e-006	-490	1.668e-006	-490	1.668e-006	-490	1.668e-006	-490	0.02618	-490
R247	1.668e-006	-492	1.668e-006	-492	1.668e-006	-492	1.668e-006	-492	1.668e-006	-492	1.668e-006	-492	0.01951	-492
R248	1.668e-006	-494	1.668e-006	-494	1.668e-006	-494	1.668e-006	-494	1.668e-006	-494	1.668e-006	-494	0.01451	-494
R249	1.668e-006	-496	1.668e-006	-496	1.668e-006	-496	1.668e-006	-496	1.668e-006	-496	1.668e-006	-496	0.00908	-496
R250	1.668e-006	-498	1.668e-006	-498	1.668e-006	-498	1.668e-006	-498	1.668e-006	-498	1.668e-006	-498	0.004541	-498
R251	1.668e-006	-500	1.668e-006	-500	1.668e-006	-500	1.668e-006	-500	1.668e-006	-500	1.668e-006	-500	0.001615	-500
R252	1.668e-006	-502	1.668e-006	-502	1.668e-006	-502	1.668e-006	-502	1.668e-006	-502	1.668e-006	-502	0.0002411	-502
R253	1.668e-006	-504	1.668e-006	-504	1.668e-006	-504	1.668e-006	-504	1.668e-006	-504	1.668e-006	-504	9.525e-006	-504
R254	1.668e-006	-506	1.668e-006	-506	1.668e-006	-506	1.668e-006	-506	1.668e-006	-506	1.668e-006	-506	1.785e-006	-506
R255	1.668e-006	-508	1.668e-006	-508	1.668e-006	-508	1.668e-006	-508	1.668e-006	-508	1.668e-006	-508	1.669e-006	-508
R256	1.668e-006	-510	1.668e-006	-510	1.668e-006	-510	1.668e-006	-510	1.668e-006	-510	1.668e-006	-510	1.668e-006	-510
R257	1.668e-006	-512	1.668e-006	-512	1.668e-006	-512	1.668e-006	-512	1.668e-006	-512	1.668e-006	-512	1.668e-006	-512
R258	1.668e-006	-514	1.668e-006	-514	1.668e-006	-514	1.668e-006	-514	1.668e-006	-514	1.668e-006	-514	1.668e-006	-514
R259	1.668e-006	-516	1.668e-006	-516	1.668e-006	-516	1.668e-006	-516	1.668e-006	-516	1.668e-006	-516	1.668e-006	-516
R260	1.668e-006	-518	1.668e-006	-518	1.668e-006	-518	1.668e-006	-518	1.668e-006	-518	1.668e-006	-518	1.668e-006	-518
R261	1.668e-006	-520	1.668e-006	-520	1.668e-006	-520	1.668e-006	-520	1.668e-006	-520	1.668e-006	-520	1.668e-006	-520
R262	1.668e-006	-522	1.668e-006	-522	1.668e-006	-522	1.668e-006	-522	1.668e-006	-522	1.668e-006	-522	1.668e-006	-522
R263	1.668e-006	-524	1.668e-006	-524	1.668e-006	-524	1.668e-006	-524	1.668e-006	-524	1.668e-006	-524	1.668e-006	-524
R264	1.668e-006	-526	1.668e-006	-526	1.668e-006	-526	1.668e-006	-526	1.668e-006	-526	1.668e-006	-526	1.668e-006	-526
R265	1.668e-006	-528	1.668e-006	-528	1.668e-006	-528	1.668e-006	-528	1.668e-006	-528	1.668e-006	-528	1.668e-006	-528
R266	1.668e-006	-530	1.668e-006	-530	1.668e-006	-530	1.668e-006	-530	1.668e-006	-530	1.668e-006	-530	1.668e-006	-530
R267	1.668e-006	-532	1.668e-006	-532	1.668e-006	-532	1.668e-006	-532	1.668e-006	-532	1.668e-006	-532	1.668e-006	-532
R268	1.668e-006	-534	1.668e-006	-534	1.668e-006	-534	1.668e-006	-534	1.668e-006	-534	1.668e-006	-534	1.668e-006	-534
R269	1.668e-006	-536	1.668e-006	-536	1.668e-006	-536	1.668e-006	-536	1.668e-006	-536	1.668e-006	-536	1.668e-006	-536
R270	1.668e-006	-538	1.668e-006	-538	1.668e-006	-538	1.668e-006	-538	1.668e-006	-538	1.668e-006	-538	1.668e-006	-538
R271	1.668e-006	-540	1.668e-006	-540	1.668e-006	-540	1.668e-006	-540	1.668e-006	-540	1.668e-006	-540	1.668e-006	-540
R272	1.668e-006	-542	1.668e-006	-542	1.668e-006	-542	1.668e-006	-542	1.668e-006	-542	1.668e-006	-542	1.668e-006	-542
R273	1.668e-006	-544	1.668e-006	-544	1.668e-006	-544	1.668e-006	-544	1.668e-006	-544	1.668e-006	-544	1.668e-006	-544
R274	1.668e-006	-546	1.668e-006	-546	1.668e-006	-546	1.668e-006	-546	1.668e-006	-546	1.668e-006	-546	1.668e-006	-546
R275	1.668e-006	-548	1.668e-006	-548	1.668e-006	-548	1.668e-006	-548	1.668e-006	-548	1.668e-006	-548	1.668e-006	-548
R276	1.668e-006	-550	1.668e-006	-550	1.668e-006	-550	1.668e-006	-550	1.668e-006	-550	1.668e-006	-550	1.668e-006	-550
R277	1.668e-006	-552	1.668e-006	-552	1.668e-006	-552	1.668e-006	-552	1.668e-006	-552	1.668e-006	-552	1.668e-006	-552
R278	1.668e-006	-554	1.668e-006	-554	1.668e-006	-554	1.668e-006	-554	1.668e-006	-554	1.668e-006	-554	1.668e-006	-554
R279	1.668e-006	-556	1.668e-006	-556	1.668e-006	-556	1.668e-006	-556	1.668e-006	-556	1.668e-006	-556	1.668e-006	-556
R280	1.668e-006	-558	1.668e-006	-558	1.668e-006	-558	1.668e-006	-558	1.668e-006	-558	1.668e-006	-558	1.668e-006	-558
R281	1.668e-006	-560	1.668e-006	-560	1.668e-006	-560	1.668e-006	-560	1.668e-006	-560	1.668e-006	-560	1.668e-006	-560
R282	1.668e-006	-562	1.668e-006	-562	1.668e-006	-562	1.668e-006	-562	1.668e-006	-562	1.668e-006	-562	1.668e-006	-562
R283	1.668e-006	-564	1.668e-006	-564	1.668e-006	-564	1.668e-006	-564	1.668e-006	-564	1.668e-006	-564	1.668e-006	-564
R284	1.668e-006	-566	1.668e-006	-566	1.668e-006	-566	1.668e-006	-566	1.668e-006	-566	1.668e-006	-566	1.668e-006	-566
R285	1.668e-006	-568	1.668e-006	-568	1.668e-006	-568	1.668e-006	-568	1.668e-006	-568	1.668e-006	-568	1.668e-006	-568
R286	1.668e-006	-570	1.668e-006	-570	1.668e-006	-570	1.668e-006	-570	1.668e-006	-570	1.668e-006	-570	1.668e-006	-570
R287	1.668e-006	-572	1.668e-006	-572	1.668e-006	-572	1.668e-006	-572	1.668e-006	-572	1.668e-006	-572	1.668e-006	-572
R288	1.668e-006	-574	1.668e-006	-574	1.668e-006	-574	1.668e-006	-574	1.668e-006	-574	1.668e-006	-574	1.668e-006	-574
R289	1.668e-006	-576	1.668e-006	-576	1.668e-006	-576	1.668e-006	-576	1.668e-006	-576	1.668e-006	-576	1.668e-006	-576
R290	1.668e-006	-578	1.668e-006	-578	1.668e-006	-578	1.668e-006	-578	1.668e-006	-578	1.668e-006	-578	1.668e-006	-578
R291	1.668e-006	-580	1.668e-006	-580	1.668e-006	-580	1.668e-006	-580	1.668e-006	-580	1.668e-006	-580	1.668e-006	-580
R292	1.668e-006	-582	1.668e-006	-582	1.668e-006	-582	1.668e-006	-582	1.668e-006	-582	1.668e-006	-582	1.668e-006	-582
R293	1.668e-006	-584	1.668e-006	-584	1.668e-006	-584	1.668e-006	-584	1.668e-006	-584	1.668e-006	-584	1.668e-006	-584
R294	1.668e-006	-586	1.668e-006	-586	1.668e-006	-586	1.668e-006	-586	1.668e-006	-586	1.668e-006	-586	1.668e-006	-586
R295	1.668e-006	-588	1.668e-006	-588	1.668e-006	-588	1.668e-006	-588	1.668e-006	-588	1.668e-006	-588	1.668e-006	-588
R296	1.668e-006	-590	1.668e-006	-590	1.668e-006	-590	1.668e-006	-590	1.668e-006	-590	1.668e-006	-590	1.668e-006	-590
R297	1.668e-006	-592	1.668e-006	-592	1.668e-006	-592	1.668e-006	-592	1.668e-006	-592	1.668e-006	-592	1.668e-006	-592
R298	1.668e-006	-594	1.668e-006	-594	1.668e-006	-594	1.668e-006	-594	1.668e-006	-594	1.668e-006	-594	1.668e-006	-594
R299	1.668e-006	-596	1.668e-006	-596	1.668e-006	-596	1.668e-006	-596	1.668e-006	-596	1.668e-006	-596	1.668e-006	-596
R300	1.668e-006	-598	1.668e-006	-598	1.668e-006	-598	1.668e-006	-598	1.668e-006	-598	1.668e-006	-598	1.668e-006	-598
R301	1.668e-006	-600	1.668e-006	-600	1.668e-006	-600	1.668e-006	-600	1.668e-006	-600	1.668e-006	-600	1.668e-006	-600