R	C1	C2	C3	C4	C5	C6	C7	C8	C9	C10	C11	C12	C13	C14
R1	0.31	0	0.31	0	0.31	0	0.31	0	0.31	0	0.31	0	0.31	0
R2	0.0326	-2	0.31	-2	0.31	-2	0.31	-2	0.31	-2	0.31	-2	0.31	-2
R3	0.0326	-4	0.31	-4	0.31	-4	0.31	-4	0.31	-4	0.31	-4	0.31	-4
R4	0.0326	-6	0.31	-6	0.31	-6	0.31	-6	0.31	-6	0.31	-6	0.31	-6
R5	0.0326	-8	0.31	-8	0.31	-8	0.31	-8	0.31	-8	0.31	-8	0.31	-8
R6	0.0326	-10	0.31	-10	0.31	-10	0.31	-10	0.31	-10	0.31	-10	0.31	-10
R7	0.0326	-12	0.31	-12	0.31	-12	0.31	-12	0.31	-12	0.31	-12	0.31	-12
R8	0.0326	-14	0.31	-14	0.31	-14	0.31	-14	0.31	-14	0.31	-14	0.31	-14
R9	0.0326	-16	0.31	-16	0.31	-16	0.31	-16	0.31	-16	0.31	-16	0.31	-16
R10	0.0326	-18	0.31	-18	0.31	-18	0.31	-18	0.31	-18	0.31	-18	0.31	-18
R11	0.0326	-20	0.31	-20	0.31	-20	0.31	-20	0.31	-20	0.31	-20	0.31	-20
R12	0.0326	-22	0.31	-22	0.31	-22	0.31	-22	0.31	-22	0.31	-22	0.31	-22
R13	0.0326	-24	0.31	-24	0.31	-24	0.31	-24	0.31	-24	0.31	-24	0.31	-24
R14	0.0326	-26	0.31	-26	0.31	-26	0.31	-26	0.31	-26	0.31	-26	0.31	-26
R15	0.0326	-28	0.31	-28	0.31	-28	0.31	-28	0.31	-28	0.31	-28	0.31	-28
R16	0.0326	-30	0.31	-30	0.31	-30	0.31	-30	0.31	-30	0.31	-30	0.31	-30
R17	0.0326	-32	0.31	-32	0.31	-32	0.31	-32	0.31	-32	0.31	-32	0.31	-32
R18	0.0326	-34	0.31	-34	0.31	-34	0.31	-34	0.31	-34	0.31	-34	0.31	-34
R19	0.0326	-36	0.31	-36	0.31	-36	0.31	-36	0.31	-36	0.31	-36	0.31	-36
R20	0.0326	-38	0.31	-38	0.31	-38	0.31	-38	0.31	-38	0.31	-38	0.31	-38
R21	0.0326	-40	0.31	-40	0.31	-40	0.31	-40	0.31	-40	0.31	-40	0.31	-40
R22	0.0326	-42	0.31	-42	0.31	-42	0.31	-42	0.31	-42	0.31	-42	0.31	-42
R23	0.0326	-44	0.31	-44	0.31	-44	0.31	-44	0.31	-44	0.31	-44	0.31	-44
R24	0.0326	-46	0.31	-46	0.31	-46	0.31	-46	0.31	-46	0.31	-46	0.31	-46
R25	0.0326	-48	0.31	-48	0.31	-48	0.31	-48	0.31	-48	0.31	-48	0.31	-48
R26	0.0326	-50	0.31	-50	0.31	-50	0.31	-50	0.31	-50	0.31	-50	0.31	-50
R27	0.0326	-52	0.31	-52	0.31	-52	0.31	-52	0.31	-52	0.31	-52	0.31	-52
R28	0.0326	-54	0.31	-54	0.31	-54	0.31	-54	0.31	-54	0.31	-54	0.31	-54
R29	0.0326	-56	0.31	-56	0.31	-56	0.31	-56	0.31	-56	0.31	-56	0.31	-56
R30	0.0326	-58	0.31	-58	0.31	-58	0.31	-58	0.31	-58	0.31	-58	0.31	-58
R31	0.0326	-60	0.31	-60	0.31	-60	0.31	-60	0.31	-60	0.31	-60	0.31	-60
R32	0.0326	-62	0.31	-62	0.31	-62	0.31	-62	0.31	-62	0.31	-62	0.31	-62
R33	0.0326	-64	0.31	-64	0.31	-64	0.31	-64	0.31	-64	0.31	-64	0.31	-64
R34	0.0326	-66	0.31	-66	0.31	-66	0.31	-66	0.31	-66	0.31	-66	0.31	-66
R35	0.0326	-68	0.3099	-68	0.31	-68	0.31	-68	0.31	-68	0.31	-68	0.31	-68
R36	0.0326	-70	0.3099	-70	0.31	-70	0.31	-70	0.31	-70	0.31	-70	0.31	-70
R37	0.0326	-72	0.3098	-72	0.31	-72	0.31	-72	0.31	-72	0.31	-72	0.31	-72
R38	0.0326	-74	0.3097	-74	0.31	-74	0.31	-74	0.31	-74	0.31	-74	0.31	-74
R39	0.0326	-76	0.3096	-76	0.31	-76	0.31	-76	0.31	-76	0.31	-76	0.31	-76
R40	0.0326	-78	0.3095	-78	0.31	-78	0.31	-78	0.31	-78	0.31	-78	0.31	-78
R41	0.0326	-80	0.3093	-80	0.31	-80	0.31	-80	0.31	-80	0.31	-80	0.31	-80
R42	0.0326	-82	0.3091	-82	0.31	-82	0.31	-82	0.31	-82	0.31	-82	0.31	-82
R43	0.0326	-84	0.3089	-84	0.31	-84	0.31	-84	0.31	-84	0.31	-84	0.31	-84
R44	0.0326	-86	0.3086	-86	0.31	-86	0.31	-86	0.31	-86	0.31	-86	0.31	-86
R45	0.0326	-88	0.3083	-88	0.31	-88	0.31	-88	0.31	-88	0.31	-88	0.31	-88
R46	0.0326	-90	0.3079	-90	0.31	-90	0.31	-90	0.31	-90	0.31	-90	0.31	-90
R47	0.0326	-92	0.3075	-92	0.31	-92	0.31	-92	0.31	-92	0.31	-92	0.31	-92
R48	0.0326	-94	0.307	-94	0.31	-94	0.31	-94	0.31	-94	0.31	-94	0.31	-94
R49	0.0326	-96	0.3064	-96	0.31	-96	0.31	-96	0.31	-96	0.31	-96	0.31	-96
R50	0.0326	-98	0.3057	-98	0.31	-98	0.31	-98	0.31	-98	0.31	-98	0.31	-98
R51	0.0326	-100	0.3049	-100	0.31	-100	0.31	-100	0.31	-100	0.31	-100	0.31	-100
R52	0.0326	-102	0.304	-102	0.31	-102	0.31	-102	0.31	-102	0.31	-102	0.31	-102
R53	0.0326	-104	0.303	-104	0.31	-104	0.31	-104	0.31	-104	0.31	-104	0.31	-104
R54	0.0326	-106	0.3017	-106	0.31	-106	0.31	-106	0.31	-106	0.31	-106	0.31	-106
R55	0.0326	-108	0.3002	-108	0.31	-108	0.31	-108	0.31	-108	0.31	-108	0.31	-108
R56	0.0326	-110	0.2986	-110	0.31	-110	0.31	-110	0.31	-110	0.31	-110	0.31	-110
R57	0.0326	-112	0.2966	-112	0.31	-112	0.31	-112	0.31	-112	0.31	-112	0.31	-112
R58	0.0326	-114	0.2942	-114	0.31	-114	0.31	-114	0.31	-114	0.31	-114	0.31	-114
R59	0.0326	-116	0.2917	-116	0.31	-116	0.31	-116	0.31	-116	0.31	-116	0.31	-116
R60	0.0326	-118	0.2882	-118	0.31	-118	0.31	-118	0.31	-118	0.31	-118	0.31	-118
R61	0.0326	-120	0.2844	-120	0.3099	-120	0.31	-120	0.31	-120	0.31	-120	0.31	-120
R62	0.0326	-122	0.2798	-122	0.3099	-122	0.31	-122	0.31	-122	0.31	-122	0.31	-122
R63	0.0326	-124	0.274	-124	0.3099	-124	0.31	-124	0.31	-124	0.31	-124	0.31	-124
R64	0.0326	-126	0.2672	-126	0.3099	-126	0.31	-126	0.31	-126	0.31	-126	0.31	-126
R65	0.0326	-128	0.2584	-128	0.3098	-128	0.31	-128	0.31	-128	0.31	-128	0.31	-128
R66	0.0326	-130	0.2476	-130	0.3098	-130	0.31	-130	0.31	-130	0.31	-130	0.31	-130
R67	0.0326	-132	0.2334	-132	0.3097	-132	0.31	-132	0.31	-132	0.31	-132	0.31	-132
R68	0.0326	-134	0.2151	-134	0.3097	-134	0.31	-134	0.31	-134	0.31	-134	0.31	-134
R69	0.0326	-136	0.1899	-136	0.3096	-136	0.31	-136	0.31	-136	0.31	-136	0.31	-136
R70	0.0326	-138	0.1545	-138	0.3095	-138	0.31	-138	0.31	-138	0.31	-138	0.31	-138
R71	0.0326	-140	0.1059	-140	0.3094	-140	0.31	-140	0.31	-140	0.31	-140	0.31	-140
R72	0.0326	-142	0.0544	-142	0.3093	-142	0.31	-142	0.31	-142	0.31	-142	0.31	-142
R73	0.0326	-144	0.0335	-144	0.3092	-144	0.31	-144	0.31	-144	0.31	-144	0.31	-144
R74	0.0326	-146	0.0326	-146	0.309	-146	0.31	-146	0.31	-146	0.31	-146	0.31	-146
R75	0.0326	-148	0.0326	-148	0.3089	-148	0.31	-148	0.31	-148	0.31	-148	0.31	-148
R76	0.0326	-150	0.0326	-150	0.3087	-150	0.31	-150	0.31	-150	0.31	-150	0.31	-150
R77	0.0326	-152	0.0326	-152	0.3085	-152	0.31	-152	0.31	-152	0.31	-152	0.31	-152
R78	0.0326	-154	0.0326	-154	0.3083	-154	0.31	-154	0.31	-154	0.31	-154	0.31	-154
R79	0.0326	-156	0.0326	-156	0.3081	-156	0.31	-156	0.31	-156	0.31	-156	0.31	-156
R80	0.0326	-158	0.0326	-158	0.3078	-158	0.31	-158	0.31	-158	0.31	-158	0.31	-158
R81	0.0326	-160	0.0326	-160	0.3075	-160	0.31	-160	0.31	-160	0.31	-160	0.31	-160
R82	0.0326	-162	0.0326	-162	0.3072	-162	0.31	-162	0.31	-162	0.31	-162	0.31	-162
R83	0.0326	-164	0.0326	-164	0.3068	-164	0.31	-164	0.31	-164	0.31	-164	0.31	-164
R84	0.0326	-166	0.0326	-166	0.3063	-166	0.31	-166	0.31	-166	0.31	-166	0.31	-166
R85	0.0326	-168	0.0326	-168	0.3059	-168	0.31	-168	0.31	-168	0.31	-168	0.31	-168
R86	0.0326	-170	0.0326	-170	0.3054	-170	0.31	-170	0.31	-170	0.31	-170	0.31	-170
R87	0.0326	-172	0.0326	-172	0.3048	-172	0.31	-172	0.31	-172	0.31	-172	0.31	-172
R88	0.0326	-174	0.0326	-174	0.3041	-174	0.3099	-174	0.31	-174	0.31	-174	0.31	-174
R89	0.0326	-176	0.0326	-176	0.3033	-176	0.3099	-176	0.31	-176	0.31	-176	0.31	-176
R90	0.0326	-178	0.0326	-178	0.3026	-178	0.3099	-178	0.31	-178	0.31	-178	0.31	-178
R91	0.0326	-180	0.0326	-180	0.3015	-180	0.3099	-180	0.31	-180	0.31	-180	0.31	-180
R92	0.0326	-182	0.0326	-182	0.3004	-182	0.3099	-182	0.31	-182	0.31	-182	0.31	-182
R93	0.0326	-184	0.0326	-184	0.2993	-184	0.3098	-184	0.31	-184	0.31	-184	0.31	-184
R94	0.0326	-186	0.0326	-186	0.2979	-186	0.3098	-186	0.31	-186	0.31	-186	0.31	-186
R95	0.0326	-188	0.0326	-188	0.2962	-188	0.3098	-188	0.31	-188	0.31	-188	0.31	-188
R96	0.0326	-190	0.0326	-190	0.2944	-190	0.3097	-190	0.31	-190	0.31	-190	0.31	-190
R97	0.0326	-192	0.0326	-192	0.2925	-192	0.3097	-192	0.31	-192	0.31	-192	0.31	-192
R98	0.0326	-194	0.0326	-194	0.29	-194	0.3096	-194	0.31	-194	0.31	-194	0.31	-194
R99	0.0326	-196	0.0326	-196	0.2872	-196	0.3096	-196	0.31	-196	0.31	-196	0.31	-196
R100	0.0326	-198	0.0326	-198	0.2841	-198	0.3095	-198	0.31	-198	0.31	-198	0.31	-198
R101	0.0326	-200	0.0326	-200	0.2804	-200	0.3094	-200	0.31	-200	0.31	-200	0.31	-200
R102	0.0326	-202	0.0326	-202	0.2759	-202	0.3094	-202	0.31	-202	0.31	-202	0.31	-202
R103	0.0326	-204	0.0326	-204	0.2707	-204	0.3093	-204	0.31	-204	0.31	-204	0.31	-204
R104	0.0326	-206	0.0326	-206	0.2645	-206	0.3092	-206	0.31	-206	0.31	-206	0.31	-206
R105	0.0326	-208	0.0326	-208	0.257	-208	0.3091	-208	0.31	-208	0.31	-208	0.31	-208
R106	0.0326	-210	0.0326	-210	0.2478	-210	0.309	-210	0.31	-210	0.31	-210	0.31	-210
R107	0.0326	-212	0.0326	-212	0.2364	-212	0.3088	-212	0.31	-212	0.31	-212	0.31	-212
R108	0.0326	-214	0.0326	-214	0.2219	-214	0.3087	-214	0.31	-214	0.31	-214	0.31	-214
R109	0.0326	-216	0.0326	-216	0.2028	-216	0.3085	-216	0.31	-216	0.31	-216	0.31	-216
R110	0.0326	-218	0.0326	-218	0.1775	-218	0.3084	-218	0.31	-218	0.31	-218	0.31	-218
R111	0.0326	-220	0.0326	-220	0.1421	-220	0.3082	-220	0.31	-220	0.31	-220	0.31	-220
R112	0.0326	-222	0.0326	-222	0.0951	-222	0.308	-222	0.31	-222	0.31	-222	0.31	-222
R113	0.0326	-224	0.0326	-224	0.0486	-224	0.3077	-224	0.31	-224	0.31	-224	0.31	-224
R114	0.0326	-226	0.0326	-226	0.0331	-226	0.3075	-226	0.31	-226	0.31	-226	0.31	-226
R115	0.0326	-228	0.0326	-228	0.0326	-228	0.3072	-228	0.3099	-228	0.31	-228	0.31	-228
R116	0.0326	-230	0.0326	-230	0.0326	-230	0.3069	-230	0.3099	-230	0.31	-230	0.31	-230
R117	0.0326	-232	0.0326	-232	0.0326	-232	0.3066	-232	0.3099	-232	0.31	-232	0.31	-232
R118	0.0326	-234	0.0326	-234	0.0326	-234	0.3062	-234	0.3099	-234	0.31	-234	0.31	-234
R119	0.0326	-236	0.0326	-236	0.0326	-236	0.3058	-236	0.3099	-236	0.31	-236	0.31	-236
R120	0.0326	-238	0.0326	-238	0.0326	-238	0.3054	-238	0.3099	-238	0.31	-238	0.31	-238
R121	0.0326	-240	0.0326	-240	0.0326	-240	0.3048	-240	0.3098	-240	0.31	-240	0.31	-240
R122	0.0326	-242	0.0326	-242	0.0326	-242	0.3043	-242	0.3098	-242	0.31	-242	0.31	-242
R123	0.0326	-244	0.0326	-244	0.0326	-244	0.3036	-244	0.3098	-244	0.31	-244	0.31	-244
R124	0.0326	-246	0.0326	-246	0.0326	-246	0.303	-246	0.3098	-246	0.31	-246	0.31	-246
R125	0.0326	-248	0.0326	-248	0.0326	-248	0.3023	-248	0.3097	-248	0.31	-248	0.31	-248
R126	0.0326	-250	0.0326	-250	0.0326	-250	0.3013	-250	0.3097	-250	0.31	-250	0.31	-250
R127	0.0326	-252	0.0326	-252	0.0326	-252	0.3004	-252	0.3097	-252	0.31	-252	0.31	-252
R128	0.0326	-254	0.0326	-254	0.0326	-254	0.2994	-254	0.3096	-254	0.31	-254	0.31	-254
R129	0.0326	-256	0.0326	-256	0.0326	-256	0.2983	-256	0.3096	-256	0.31	-256	0.31	-256
R130	0.0326	-258	0.0326	-258	0.0326	-258	0.2968	-258	0.3095	-258	0.31	-258	0.31	-258
R131	0.0326	-260	0.0326	-260	0.0326	-260	0.2953	-260	0.3095	-260	0.31	-260	0.31	-260
R132	0.0326	-262	0.0326	-262	0.0326	-262	0.2936	-262	0.3094	-262	0.31	-262	0.31	-262
R133	0.0326	-264	0.0326	-264	0.0326	-264	0.2918	-264	0.3093	-264	0.31	-264	0.31	-264
R134	0.0326	-266	0.0326	-266	0.0326	-266	0.2894	-266	0.3092	-266	0.31	-266	0.31	-266
R135	0.0326	-268	0.0326	-268	0.0326	-268	0.2868	-268	0.3092	-268	0.31	-268	0.31	-268
R136	0.0326	-270	0.0326	-270	0.0326	-270	0.284	-270	0.3091	-270	0.31	-270	0.31	-270
R137	0.0326	-272	0.0326	-272	0.0326	-272	0.2807	-272	0.309	-272	0.31	-272	0.31	-272
R138	0.0326	-274	0.0326	-274	0.0326	-274	0.2766	-274	0.3089	-274	0.31	-274	0.31	-274
R139	0.0326	-276	0.0326	-276	0.0326	-276	0.2721	-276	0.3088	-276	0.31	-276	0.31	-276
R140	0.0326	-278	0.0326	-278	0.0326	-278	0.2668	-278	0.3086	-278	0.31	-278	0.31	-278
R141	0.0326	-280	0.0326	-280	0.0326	-280	0.2603	-280	0.3085	-280	0.31	-280	0.31	-280
R142	0.0326	-282	0.0326	-282	0.0326	-282	0.2526	-282	0.3084	-282	0.31	-282	0.31	-282
R143	0.0326	-284	0.0326	-284	0.0326	-284	0.2433	-284	0.3082	-284	0.3099	-284	0.31	-284
R144	0.0326	-286	0.0326	-286	0.0326	-286	0.2317	-286	0.308	-286	0.3099	-286	0.31	-286
R145	0.0326	-288	0.0326	-288	0.0326	-288	0.2174	-288	0.3078	-288	0.3099	-288	0.31	-288
R146	0.0326	-290	0.0326	-290	0.0326	-290	0.1982	-290	0.3076	-290	0.3099	-290	0.31	-290
R147	0.0326	-292	0.0326	-292	0.0326	-292	0.173	-292	0.3074	-292	0.3099	-292	0.31	-292
R148	0.0326	-294	0.0326	-294	0.0326	-294	0.1382	-294	0.3071	-294	0.3099	-294	0.31	-294
R149	0.0326	-296	0.0326	-296	0.0326	-296	0.0922	-296	0.3068	-296	0.3099	-296	0.31	-296
R150	0.0326	-298	0.0326	-298	0.0326	-298	0.0471	-298	0.3065	-298	0.3098	-298	0.31	-298
R151	0.0326	-300	0.0326	-300	0.0326	-300	0.033	-300	0.3062	-300	0.3098	-300	0.31	-300
R152	0.0326	-302	0.0326	-302	0.0326	-302	0.0326	-302	0.3058	-302	0.3098	-302	0.31	-302
R153	0.0326	-304	0.0326	-304	0.0326	-304	0.0326	-304	0.3055	-304	0.3098	-304	0.31	-304
R154	0.0326	-306	0.0326	-306	0.0326	-306	0.0326	-306	0.305	-306	0.3097	-306	0.31	-306
R155	0.0326	-308	0.0326	-308	0.0326	-308	0.0326	-308	0.3045	-308	0.3097	-308	0.31	-308
R156	0.0326	-310	0.0326	-310	0.0326	-310	0.0326	-310	0.304	-310	0.3097	-310	0.31	-310
R157	0.0326	-312	0.0326	-312	0.0326	-312	0.0326	-312	0.3034	-312	0.3096	-312	0.31	-312
R158	0.0326	-314	0.0326	-314	0.0326	-314	0.0326	-314	0.3028	-314	0.3096	-314	0.31	-314
R159	0.0326	-316	0.0326	-316	0.0326	-316	0.0326	-316	0.3021	-316	0.3096	-316	0.31	-316
R160	0.0326	-318	0.0326	-318	0.0326	-318	0.0326	-318	0.3012	-318	0.3095	-318	0.31	-318
R161	0.0326	-320	0.0326	-320	0.0326	-320	0.0326	-320	0.3003	-320	0.3095	-320	0.31	-320
R162	0.0326	-322	0.0326	-322	0.0326	-322	0.0326	-322	0.2994	-322	0.3094	-322	0.31	-322
R163	0.0326	-324	0.0326	-324	0.0326	-324	0.0326	-324	0.2984	-324	0.3094	-324	0.31	-324
R164	0.0326	-326	0.0326	-326	0.0326	-326	0.0326	-326	0.2971	-326	0.3093	-326	0.31	-326
R165	0.0326	-328	0.0326	-328	0.0326	-328	0.0326	-328	0.2956	-328	0.3092	-328	0.31	-328
R166	0.0326	-330	0.0326	-330	0.0326	-330	0.0326	-330	0.2941	-330	0.3092	-330	0.31	-330
R167	0.0326	-332	0.0326	-332	0.0326	-332	0.0326	-332	0.2925	-332	0.3091	-332	0.31	-332
R168	0.0326	-334	0.0326	-334	0.0326	-334	0.0326	-334	0.2905	-334	0.309	-334	0.31	-334
R169	0.0326	-336	0.0326	-336	0.0326	-336	0.0326	-336	0.2881	-336	0.3089	-336	0.31	-336
R170	0.0326	-338	0.0326	-338	0.0326	-338	0.0326	-338	0.2856	-338	0.3088	-338	0.31	-338
R171	0.0326	-340	0.0326	-340	0.0326	-340	0.0326	-340	0.2828	-340	0.3087	-340	0.3099	-340
R172	0.0326	-342	0.0326	-342	0.0326	-342	0.0326	-342	0.2794	-342	0.3086	-342	0.3099	-342
R173	0.0326	-344	0.0326	-344	0.0326	-344	0.0326	-344	0.2754	-344	0.3085	-344	0.3099	-344
R174	0.0326	-346	0.0326	-346	0.0326	-346	0.0326	-346	0.271	-346	0.3083	-346	0.3099	-346
R175	0.0326	-348	0.0326	-348	0.0326	-348	0.0326	-348	0.2658	-348	0.3082	-348	0.3099	-348
R176	0.0326	-350	0.0326	-350	0.0326	-350	0.0326	-350	0.2594	-350	0.308	-350	0.3099	-350
R177	0.0326	-352	0.0326	-352	0.0326	-352	0.0326	-352	0.2519	-352	0.3078	-352	0.3099	-352
R178	0.0326	-354	0.0326	-354	0.0326	-354	0.0326	-354	0.2429	-354	0.3076	-354	0.3099	-354
R179	0.0326	-356	0.0326	-356	0.0326	-356	0.0326	-356	0.2318	-356	0.3074	-356	0.3098	-356
R180	0.0326	-358	0.0326	-358	0.0326	-358	0.0326	-358	0.2181	-358	0.3072	-358	0.3098	-358
R181	0.0326	-360	0.0326	-360	0.0326	-360	0.0326	-360	0.1999	-360	0.307	-360	0.3098	-360
R182	0.0326	-362	0.0326	-362	0.0326	-362	0.0326	-362	0.1764	-362	0.3067	-362	0.3098	-362
R183	0.0326	-364	0.0326	-364	0.0326	-364	0.0326	-364	0.1441	-364	0.3064	-364	0.3098	-364
R184	0.0326	-366	0.0326	-366	0.0326	-366	0.0326	-366	0.1009	-366	0.3061	-366	0.3097	-366
R185	0.0326	-368	0.0326	-368	0.0326	-368	0.0326	-368	0.0543	-368	0.3058	-368	0.3097	-368
R186	0.0326	-370	0.0326	-370	0.0326	-370	0.0326	-370	0.0336	-370	0.3054	-370	0.3097	-370
R187	0.0326	-372	0.0326	-372	0.0326	-372	0.0326	-372	0.0326	-372	0.305	-372	0.3097	-372
R188	0.0326	-374	0.0326	-374	0.0326	-374	0.0326	-374	0.0326	-374	0.3045	-374	0.3096	-374
R189	0.0326	-376	0.0326	-376	0.0326	-376	0.0326	-376	0.0326	-376	0.304	-376	0.3096	-376
R190	0.0326	-378	0.0326	-378	0.0326	-378	0.0326	-378	0.0326	-378	0.3034	-378	0.3095	-378
R191	0.0326	-380	0.0326	-380	0.0326	-380	0.0326	-380	0.0326	-380	0.3029	-380	0.3095	-380
R192	0.0326	-382	0.0326	-382	0.0326	-382	0.0326	-382	0.0326	-382	0.3022	-382	0.3095	-382
R193	0.0326	-384	0.0326	-384	0.0326	-384	0.0326	-384	0.0326	-384	0.3014	-384	0.3094	-384
R194	0.0326	-386	0.0326	-386	0.0326	-386	0.0326	-386	0.0326	-386	0.3006	-386	0.3094	-386
R195	0.0326	-388	0.0326	-388	0.0326	-388	0.0326	-388	0.0326	-388	0.2997	-388	0.3093	-388
R196	0.0326	-390	0.0326	-390	0.0326	-390	0.0326	-390	0.0326	-390	0.2988	-390	0.3092	-390
R197	0.0326	-392	0.0326	-392	0.0326	-392	0.0326	-392	0.0326	-392	0.2977	-392	0.3092	-392
R198	0.0326	-394	0.0326	-394	0.0326	-394	0.0326	-394	0.0326	-394	0.2964	-394	0.3091	-394
R199	0.0326	-396	0.0326	-396	0.0326	-396	0.0326	-396	0.0326	-396	0.295	-396	0.309	-396
R200	0.0326	-398	0.0326	-398	0.0326	-398	0.0326	-398	0.0326	-398	0.2935	-398	0.3089	-398
R201	0.0326	-400	0.0326	-400	0.0326	-400	0.0326	-400	0.0326	-400	0.2918	-400	0.3089	-400
R202	0.0326	-402	0.0326	-402	0.0326	-402	0.0326	-402	0.0326	-402	0.2897	-402	0.3088	-402
R203	0.0326	-404	0.0326	-404	0.0326	-404	0.0326	-404	0.0326	-404	0.2875	-404	0.3086	-404
R204	0.0326	-406	0.0326	-406	0.0326	-406	0.0326	-406	0.0326	-406	0.285	-406	0.3085	-406
R205	0.0326	-408	0.0326	-408	0.0326	-408	0.0326	-408	0.0326	-408	0.2822	-408	0.3084	-408
R206	0.0326	-410	0.0326	-410	0.0326	-410	0.0326	-410	0.0326	-410	0.2788	-410	0.3083	-410
R207	0.0326	-412	0.0326	-412	0.0326	-412	0.0326	-412	0.0326	-412	0.2749	-412	0.3082	-412
R208	0.0326	-414	0.0326	-414	0.0326	-414	0.0326	-414	0.0326	-414	0.2705	-414	0.308	-414
R209	0.0326	-416	0.0326	-416	0.0326	-416	0.0326	-416	0.0326	-416	0.2654	-416	0.3078	-416
R210	0.0326	-418	0.0326	-418	0.0326	-418	0.0326	-418	0.0326	-418	0.2591	-418	0.3076	-418
R211	0.0326	-420	0.0326	-420	0.0326	-420	0.0326	-420	0.0326	-420	0.2519	-420	0.3075	-420
R212	0.0326	-422	0.0326	-422	0.0326	-422	0.0326	-422	0.0326	-422	0.2431	-422	0.3073	-422
R213	0.0326	-424	0.0326	-424	0.0326	-424	0.0326	-424	0.0326	-424	0.2324	-424	0.307	-424
R214	0.0326	-426	0.0326	-426	0.0326	-426	0.0326	-426	0.0326	-426	0.2192	-426	0.3068	-426
R215	0.0326	-428	0.0326	-428	0.0326	-428	0.0326	-428	0.0326	-428	0.2019	-428	0.3065	-428
R216	0.0326	-430	0.0326	-430	0.0326	-430	0.0326	-430	0.0326	-430	0.1797	-430	0.3062	-430
R217	0.0326	-432	0.0326	-432	0.0326	-432	0.0326	-432	0.0326	-432	0.1497	-432	0.3059	-432
R218	0.0326	-434	0.0326	-434	0.0326	-434	0.0326	-434	0.0326	-434	0.1088	-434	0.3056	-434
R219	0.0326	-436	0.0326	-436	0.0326	-436	0.0326	-436	0.0326	-436	0.0618	-436	0.3052	-436
R220	0.0326	-438	0.0326	-438	0.0326	-438	0.0326	-438	0.0326	-438	0.0347	-438	0.3048	-438
R221	0.0326	-440	0.0326	-440	0.0326	-440	0.0326	-440	0.0326	-440	0.0326	-440	0.3043	-440
R222	0.0326	-442	0.0326	-442	0.0326	-442	0.0326	-442	0.0326	-442	0.0326	-442	0.3038	-442
R223	0.0326	-444	0.0326	-444	0.0326	-444	0.0326	-444	0.0326	-444	0.0326	-444	0.3033	-444
R224	0.0326	-446	0.0326	-446	0.0326	-446	0.0326	-446	0.0326	-446	0.0326	-446	0.3027	-446
R225	0.0326	-448	0.0326	-448	0.0326	-448	0.0326	-448	0.0326	-448	0.0326	-448	0.3021	-448
R226	0.0326	-450	0.0326	-450	0.0326	-450	0.0326	-450	0.0326	-450	0.0326	-450	0.3013	-450
R227	0.0326	-452	0.0326	-452	0.0326	-452	0.0326	-452	0.0326	-452	0.0326	-452	0.3005	-452
R228	0.0326	-454	0.0326	-454	0.0326	-454	0.0326	-454	0.0326	-454	0.0326	-454	0.2997	-454
R229	0.0326	-456	0.0326	-456	0.0326	-456	0.0326	-456	0.0326	-456	0.0326	-456	0.2988	-456
R230	0.0326	-458	0.0326	-458	0.0326	-458	0.0326	-458	0.0326	-458	0.0326	-458	0.2977	-458
R231	0.0326	-460	0.0326	-460	0.0326	-460	0.0326	-460	0.0326	-460	0.0326	-460	0.2964	-460
R232	0.0326	-462	0.0326	-462	0.0326	-462	0.0326	-462	0.0326	-462	0.0326	-462	0.2951	-462
R233	0.0326	-464	0.0326	-464	0.0326	-464	0.0326	-464	0.0326	-464	0.0326	-464	0.2936	-464
R234	0.0326	-466	0.0326	-466	0.0326	-466	0.0326	-466	0.0326	-466	0.0326	-466	0.2921	-466
R235	0.0326	-468	0.0326	-468	0.0326	-468	0.0326	-468	0.0326	-468	0.0326	-468	0.2901	-468
R236	0.0326	-470	0.0326	-470	0.0326	-470	0.0326	-470	0.0326	-470	0.0326	-470	0.2879	-470
R237	0.0326	-472	0.0326	-472	0.0326	-472	0.0326	-472	0.0326	-472	0.0326	-472	0.2855	-472
R238	0.0326	-474	0.0326	-474	0.0326	-474	0.0326	-474	0.0326	-474	0.0326	-474	0.2829	-474
R239	0.0326	-476	0.0326	-476	0.0326	-476	0.0326	-476	0.0326	-476	0.0326	-476	0.2798	-476
R240	0.0326	-478	0.0326	-478	0.0326	-478	0.0326	-478	0.0326	-478	0.0326	-478	0.2761	-478
R241	0.0326	-480	0.0326	-480	0.0326	-480	0.0326	-480	0.0326	-480	0.0326	-480	0.272	-480
R242	0.0326	-482	0.0326	-482	0.0326	-482	0.0326	-482	0.0326	-482	0.0326	-482	0.2673	-482
R243	0.0326	-484	0.0326	-484	0.0326	-484	0.0326	-484	0.0326	-484	0.0326	-484	0.2615	-484
R244	0.0326	-486	0.0326	-486	0.0326	-486	0.0326	-486	0.0326	-486	0.0326	-486	0.2548	-486
R245	0.0326	-488	0.0326	-488	0.0326	-488	0.0326	-488	0.0326	-488	0.0326	-488	0.2469	-488
R246	0.0326	-490	0.0326	-490	0.0326	-490	0.0326	-490	0.0326	-490	0.0326	-490	0.2372	-490
R247	0.0326	-492	0.0326	-492	0.0326	-492	0.0326	-492	0.0326	-492	0.0326	-492	0.2251	-492
R248	0.0326	-494	0.0326	-494	0.0326	-494	0.0326	-494	0.0326	-494	0.0326	-494	0.2103	-494
R249	0.0326	-496	0.0326	-496	0.0326	-496	0.0326	-496	0.0326	-496	0.0326	-496	0.1914	-496
R250	0.0326	-498	0.0326	-498	0.0326	-498	0.0326	-498	0.0326	-498	0.0326	-498	0.1655	-498
R251	0.0326	-500	0.0326	-500	0.0326	-500	0.0326	-500	0.0326	-500	0.0326	-500	0.1307	-500
R252	0.0326	-502	0.0326	-502	0.0326	-502	0.0326	-502	0.0326	-502	0.0326	-502	0.0861	-502
R253	0.0326	-504	0.0326	-504	0.0326	-504	0.0326	-504	0.0326	-504	0.0326	-504	0.0442	-504
R254	0.0326	-506	0.0326	-506	0.0326	-506	0.0326	-506	0.0326	-506	0.0326	-506	0.0329	-506
R255	0.0326	-508	0.0326	-508	0.0326	-508	0.0326	-508	0.0326	-508	0.0326	-508	0.0326	-508
R256	0.0326	-510	0.0326	-510	0.0326	-510	0.0326	-510	0.0326	-510	0.0326	-510	0.0326	-510
R257	0.0326	-512	0.0326	-512	0.0326	-512	0.0326	-512	0.0326	-512	0.0326	-512	0.0326	-512
R258	0.0326	-514	0.0326	-514	0.0326	-514	0.0326	-514	0.0326	-514	0.0326	-514	0.0326	-514
R259	0.0326	-516	0.0326	-516	0.0326	-516	0.0326	-516	0.0326	-516	0.0326	-516	0.0326	-516
R260	0.0326	-518	0.0326	-518	0.0326	-518	0.0326	-518	0.0326	-518	0.0326	-518	0.0326	-518
R261	0.0326	-520	0.0326	-520	0.0326	-520	0.0326	-520	0.0326	-520	0.0326	-520	0.0326	-520
R262	0.0326	-522	0.0326	-522	0.0326	-522	0.0326	-522	0.0326	-522	0.0326	-522	0.0326	-522
R263	0.0326	-524	0.0326	-524	0.0326	-524	0.0326	-524	0.0326	-524	0.0326	-524	0.0326	-524
R264	0.0326	-526	0.0326	-526	0.0326	-526	0.0326	-526	0.0326	-526	0.0326	-526	0.0326	-526
R265	0.0326	-528	0.0326	-528	0.0326	-528	0.0326	-528	0.0326	-528	0.0326	-528	0.0326	-528
R266	0.0326	-530	0.0326	-530	0.0326	-530	0.0326	-530	0.0326	-530	0.0326	-530	0.0326	-530
R267	0.0326	-532	0.0326	-532	0.0326	-532	0.0326	-532	0.0326	-532	0.0326	-532	0.0326	-532
R268	0.0326	-534	0.0326	-534	0.0326	-534	0.0326	-534	0.0326	-534	0.0326	-534	0.0326	-534
R269	0.0326	-536	0.0326	-536	0.0326	-536	0.0326	-536	0.0326	-536	0.0326	-536	0.0326	-536
R270	0.0326	-538	0.0326	-538	0.0326	-538	0.0326	-538	0.0326	-538	0.0326	-538	0.0326	-538
R271	0.0326	-540	0.0326	-540	0.0326	-540	0.0326	-540	0.0326	-540	0.0326	-540	0.0326	-540
R272	0.0326	-542	0.0326	-542	0.0326	-542	0.0326	-542	0.0326	-542	0.0326	-542	0.0326	-542
R273	0.0326	-544	0.0326	-544	0.0326	-544	0.0326	-544	0.0326	-544	0.0326	-544	0.0326	-544
R274	0.0326	-546	0.0326	-546	0.0326	-546	0.0326	-546	0.0326	-546	0.0326	-546	0.0326	-546
R275	0.0326	-548	0.0326	-548	0.0326	-548	0.0326	-548	0.0326	-548	0.0326	-548	0.0326	-548
R276	0.0326	-550	0.0326	-550	0.0326	-550	0.0326	-550	0.0326	-550	0.0326	-550	0.0326	-550
R277	0.0326	-552	0.0326	-552	0.0326	-552	0.0326	-552	0.0326	-552	0.0326	-552	0.0326	-552
R278	0.0326	-554	0.0326	-554	0.0326	-554	0.0326	-554	0.0326	-554	0.0326	-554	0.0326	-554
R279	0.0326	-556	0.0326	-556	0.0326	-556	0.0326	-556	0.0326	-556	0.0326	-556	0.0326	-556
R280	0.0326	-558	0.0326	-558	0.0326	-558	0.0326	-558	0.0326	-558	0.0326	-558	0.0326	-558
R281	0.0326	-560	0.0326	-560	0.0326	-560	0.0326	-560	0.0326	-560	0.0326	-560	0.0326	-560
R282	0.0326	-562	0.0326	-562	0.0326	-562	0.0326	-562	0.0326	-562	0.0326	-562	0.0326	-562
R283	0.0326	-564	0.0326	-564	0.0326	-564	0.0326	-564	0.0326	-564	0.0326	-564	0.0326	-564
R284	0.0326	-566	0.0326	-566	0.0326	-566	0.0326	-566	0.0326	-566	0.0326	-566	0.0326	-566
R285	0.0326	-568	0.0326	-568	0.0326	-568	0.0326	-568	0.0326	-568	0.0326	-568	0.0326	-568
R286	0.0326	-570	0.0326	-570	0.0326	-570	0.0326	-570	0.0326	-570	0.0326	-570	0.0326	-570
R287	0.0326	-572	0.0326	-572	0.0326	-572	0.0326	-572	0.0326	-572	0.0326	-572	0.0326	-572
R288	0.0326	-574	0.0326	-574	0.0326	-574	0.0326	-574	0.0326	-574	0.0326	-574	0.0326	-574
R289	0.0326	-576	0.0326	-576	0.0326	-576	0.0326	-576	0.0326	-576	0.0326	-576	0.0326	-576
R290	0.0326	-578	0.0326	-578	0.0326	-578	0.0326	-578	0.0326	-578	0.0326	-578	0.0326	-578
R291	0.0326	-580	0.0326	-580	0.0326	-580	0.0326	-580	0.0326	-580	0.0326	-580	0.0326	-580
R292	0.0326	-582	0.0326	-582	0.0326	-582	0.0326	-582	0.0326	-582	0.0326	-582	0.0326	-582
R293	0.0326	-584	0.0326	-584	0.0326	-584	0.0326	-584	0.0326	-584	0.0326	-584	0.0326	-584
R294	0.0326	-586	0.0326	-586	0.0326	-586	0.0326	-586	0.0326	-586	0.0326	-586	0.0326	-586
R295	0.0326	-588	0.0326	-588	0.0326	-588	0.0326	-588	0.0326	-588	0.0326	-588	0.0326	-588
R296	0.0326	-590	0.0326	-590	0.0326	-590	0.0326	-590	0.0326	-590	0.0326	-590	0.0326	-590
R297	0.0326	-592	0.0326	-592	0.0326	-592	0.0326	-592	0.0326	-592	0.0326	-592	0.0326	-592
R298	0.0326	-594	0.0326	-594	0.0326	-594	0.0326	-594	0.0326	-594	0.0326	-594	0.0326	-594
R299	0.0326	-596	0.0326	-596	0.0326	-596	0.0326	-596	0.0326	-596	0.0326	-596	0.0326	-596
R300	0.0326	-598	0.0326	-598	0.0326	-598	0.0326	-598	0.0326	-598	0.0326	-598	0.0326	-598
R301	0.0326	-600	0.0326	-600	0.0326	-600	0.0326	-600	0.0326	-600	0.0326	-600	0.0326	-600