/*--------------------------------*- C++ -*----------------------------------*\
  =========                 |
  \\      /  F ield         | OpenFOAM: The Open Source CFD Toolbox
   \\    /   O peration     | Website:  https://openfoam.org
    \\  /    A nd           | Version:  7
     \\/     M anipulation  |
\*---------------------------------------------------------------------------*/
FoamFile
{
    version     2.0;
    format      ascii;
    class       vectorField;
    location    "constant/polyMesh";
    object      points;
}
// * * * * * * * * * * * * * * * * * * * * * * * * * * * * * * * * * * * * * //


484
(
(0 0 0)
(0.0708981 0 0)
(0 0.0708981 0)
(0.0708981 0.0708981 0)
(0 0 0.010041507)
(0.0708981 0 0.010041507)
(0 0.0708981 0.010041507)
(0.0708981 0.0708981 0.010041507)
(0 0 0.01994812001)
(0.0708981 0 0.01994812001)
(0 0.0708981 0.01994812001)
(0.0708981 0.0708981 0.01994812001)
(0 0 0.02972165113)
(0.0708981 0 0.02972165113)
(0 0.0708981 0.02972165113)
(0.0708981 0.0708981 0.02972165113)
(0 0 0.03936388815)
(0.0708981 0 0.03936388815)
(0 0.0708981 0.03936388815)
(0.0708981 0.0708981 0.03936388815)
(0 0 0.04887659483)
(0.0708981 0 0.04887659483)
(0 0.0708981 0.04887659483)
(0.0708981 0.0708981 0.04887659483)
(0 0 0.05826151122)
(0.0708981 0 0.05826151122)
(0 0.0708981 0.05826151122)
(0.0708981 0.0708981 0.05826151122)
(0 0 0.06752035401)
(0.0708981 0 0.06752035401)
(0 0.0708981 0.06752035401)
(0.0708981 0.0708981 0.06752035401)
(0 0 0.07665481684)
(0.0708981 0 0.07665481684)
(0 0.0708981 0.07665481684)
(0.0708981 0.0708981 0.07665481684)
(0 0 0.08566657058)
(0.0708981 0 0.08566657058)
(0 0.0708981 0.08566657058)
(0.0708981 0.0708981 0.08566657058)
(0 0 0.09455726365)
(0.0708981 0 0.09455726365)
(0 0.0708981 0.09455726365)
(0.0708981 0.0708981 0.09455726365)
(0 0 0.1033285224)
(0.0708981 0 0.1033285224)
(0 0.0708981 0.1033285224)
(0.0708981 0.0708981 0.1033285224)
(0 0 0.1119819511)
(0.0708981 0 0.1119819511)
(0 0.0708981 0.1119819511)
(0.0708981 0.0708981 0.1119819511)
(0 0 0.1205191328)
(0.0708981 0 0.1205191328)
(0 0.0708981 0.1205191328)
(0.0708981 0.0708981 0.1205191328)
(0 0 0.1289416291)
(0.0708981 0 0.1289416291)
(0 0.0708981 0.1289416291)
(0.0708981 0.0708981 0.1289416291)
(0 0 0.1372509806)
(0.0708981 0 0.1372509806)
(0 0.0708981 0.1372509806)
(0.0708981 0.0708981 0.1372509806)
(0 0 0.1454487072)
(0.0708981 0 0.1454487072)
(0 0.0708981 0.1454487072)
(0.0708981 0.0708981 0.1454487072)
(0 0 0.1535363086)
(0.0708981 0 0.1535363086)
(0 0.0708981 0.1535363086)
(0.0708981 0.0708981 0.1535363086)
(0 0 0.161515264)
(0.0708981 0 0.161515264)
(0 0.0708981 0.161515264)
(0.0708981 0.0708981 0.161515264)
(0 0 0.169387033)
(0.0708981 0 0.169387033)
(0 0.0708981 0.169387033)
(0.0708981 0.0708981 0.169387033)
(0 0 0.1771530554)
(0.0708981 0 0.1771530554)
(0 0.0708981 0.1771530554)
(0.0708981 0.0708981 0.1771530554)
(0 0 0.1848147519)
(0.0708981 0 0.1848147519)
(0 0.0708981 0.1848147519)
(0.0708981 0.0708981 0.1848147519)
(0 0 0.192373524)
(0.0708981 0 0.192373524)
(0 0.0708981 0.192373524)
(0.0708981 0.0708981 0.192373524)
(0 0 0.1998307542)
(0.0708981 0 0.1998307542)
(0 0.0708981 0.1998307542)
(0.0708981 0.0708981 0.1998307542)
(0 0 0.2071878066)
(0.0708981 0 0.2071878066)
(0 0.0708981 0.2071878066)
(0.0708981 0.0708981 0.2071878066)
(0 0 0.2144460271)
(0.0708981 0 0.2144460271)
(0 0.0708981 0.2144460271)
(0.0708981 0.0708981 0.2144460271)
(0 0 0.2216067432)
(0.0708981 0 0.2216067432)
(0 0.0708981 0.2216067432)
(0.0708981 0.0708981 0.2216067432)
(0 0 0.2286712649)
(0.0708981 0 0.2286712649)
(0 0.0708981 0.2286712649)
(0.0708981 0.0708981 0.2286712649)
(0 0 0.2356408843)
(0.0708981 0 0.2356408843)
(0 0.0708981 0.2356408843)
(0.0708981 0.0708981 0.2356408843)
(0 0 0.2425168763)
(0.0708981 0 0.2425168763)
(0 0.0708981 0.2425168763)
(0.0708981 0.0708981 0.2425168763)
(0 0 0.2493004987)
(0.0708981 0 0.2493004987)
(0 0.0708981 0.2493004987)
(0.0708981 0.0708981 0.2493004987)
(0 0 0.2559929924)
(0.0708981 0 0.2559929924)
(0 0.0708981 0.2559929924)
(0.0708981 0.0708981 0.2559929924)
(0 0 0.2625955815)
(0.0708981 0 0.2625955815)
(0 0.0708981 0.2625955815)
(0.0708981 0.0708981 0.2625955815)
(0 0 0.2691094739)
(0.0708981 0 0.2691094739)
(0 0.0708981 0.2691094739)
(0.0708981 0.0708981 0.2691094739)
(0 0 0.2755358609)
(0.0708981 0 0.2755358609)
(0 0.0708981 0.2755358609)
(0.0708981 0.0708981 0.2755358609)
(0 0 0.2818759181)
(0.0708981 0 0.2818759181)
(0 0.0708981 0.2818759181)
(0.0708981 0.0708981 0.2818759181)
(0 0 0.2881308054)
(0.0708981 0 0.2881308054)
(0 0.0708981 0.2881308054)
(0.0708981 0.0708981 0.2881308054)
(0 0 0.2943016667)
(0.0708981 0 0.2943016667)
(0 0.0708981 0.2943016667)
(0.0708981 0.0708981 0.2943016667)
(0 0 0.3003896308)
(0.0708981 0 0.3003896308)
(0 0.0708981 0.3003896308)
(0.0708981 0.0708981 0.3003896308)
(0 0 0.3063958115)
(0.0708981 0 0.3063958115)
(0 0.0708981 0.3063958115)
(0.0708981 0.0708981 0.3063958115)
(0 0 0.3123213072)
(0.0708981 0 0.3123213072)
(0 0.0708981 0.3123213072)
(0.0708981 0.0708981 0.3123213072)
(0 0 0.318167202)
(0.0708981 0 0.318167202)
(0 0.0708981 0.318167202)
(0.0708981 0.0708981 0.318167202)
(0 0 0.3239345652)
(0.0708981 0 0.3239345652)
(0 0.0708981 0.3239345652)
(0.0708981 0.0708981 0.3239345652)
(0 0 0.3296244516)
(0.0708981 0 0.3296244516)
(0 0.0708981 0.3296244516)
(0.0708981 0.0708981 0.3296244516)
(0 0 0.3352379022)
(0.0708981 0 0.3352379022)
(0 0.0708981 0.3352379022)
(0.0708981 0.0708981 0.3352379022)
(0 0 0.3407759437)
(0.0708981 0 0.3407759437)
(0 0.0708981 0.3407759437)
(0.0708981 0.0708981 0.3407759437)
(0 0 0.3462395891)
(0.0708981 0 0.3462395891)
(0 0.0708981 0.3462395891)
(0.0708981 0.0708981 0.3462395891)
(0 0 0.3516298379)
(0.0708981 0 0.3516298379)
(0 0.0708981 0.3516298379)
(0.0708981 0.0708981 0.3516298379)
(0 0 0.356947676)
(0.0708981 0 0.356947676)
(0 0.0708981 0.356947676)
(0.0708981 0.0708981 0.356947676)
(0 0 0.3621940762)
(0.0708981 0 0.3621940762)
(0 0.0708981 0.3621940762)
(0.0708981 0.0708981 0.3621940762)
(0 0 0.3673699981)
(0.0708981 0 0.3673699981)
(0 0.0708981 0.3673699981)
(0.0708981 0.0708981 0.3673699981)
(0 0 0.3724763885)
(0.0708981 0 0.3724763885)
(0 0.0708981 0.3724763885)
(0.0708981 0.0708981 0.3724763885)
(0 0 0.3775141816)
(0.0708981 0 0.3775141816)
(0 0.0708981 0.3775141816)
(0.0708981 0.0708981 0.3775141816)
(0 0 0.3824842987)
(0.0708981 0 0.3824842987)
(0 0.0708981 0.3824842987)
(0.0708981 0.0708981 0.3824842987)
(0 0 0.3873876491)
(0.0708981 0 0.3873876491)
(0 0.0708981 0.3873876491)
(0.0708981 0.0708981 0.3873876491)
(0 0 0.3922251296)
(0.0708981 0 0.3922251296)
(0 0.0708981 0.3922251296)
(0.0708981 0.0708981 0.3922251296)
(0 0 0.3969976252)
(0.0708981 0 0.3969976252)
(0 0.0708981 0.3969976252)
(0.0708981 0.0708981 0.3969976252)
(0 0 0.4017060087)
(0.0708981 0 0.4017060087)
(0 0.0708981 0.4017060087)
(0.0708981 0.0708981 0.4017060087)
(0 0 0.4063511416)
(0.0708981 0 0.4063511416)
(0 0.0708981 0.4063511416)
(0.0708981 0.0708981 0.4063511416)
(0 0 0.4109338733)
(0.0708981 0 0.4109338733)
(0 0.0708981 0.4109338733)
(0.0708981 0.0708981 0.4109338733)
(0 0 0.4154550423)
(0.0708981 0 0.4154550423)
(0 0.0708981 0.4154550423)
(0.0708981 0.0708981 0.4154550423)
(0 0 0.4199154756)
(0.0708981 0 0.4199154756)
(0 0.0708981 0.4199154756)
(0.0708981 0.0708981 0.4199154756)
(0 0 0.424315989)
(0.0708981 0 0.424315989)
(0 0.0708981 0.424315989)
(0.0708981 0.0708981 0.424315989)
(0 0 0.4286573875)
(0.0708981 0 0.4286573875)
(0 0.0708981 0.4286573875)
(0.0708981 0.0708981 0.4286573875)
(0 0 0.4329404652)
(0.0708981 0 0.4329404652)
(0 0.0708981 0.4329404652)
(0.0708981 0.0708981 0.4329404652)
(0 0 0.4371660055)
(0.0708981 0 0.4371660055)
(0 0.0708981 0.4371660055)
(0.0708981 0.0708981 0.4371660055)
(0 0 0.4413347815)
(0.0708981 0 0.4413347815)
(0 0.0708981 0.4413347815)
(0.0708981 0.0708981 0.4413347815)
(0 0 0.4454475556)
(0.0708981 0 0.4454475556)
(0 0.0708981 0.4454475556)
(0.0708981 0.0708981 0.4454475556)
(0 0 0.4495050802)
(0.0708981 0 0.4495050802)
(0 0.0708981 0.4495050802)
(0.0708981 0.0708981 0.4495050802)
(0 0 0.4535080975)
(0.0708981 0 0.4535080975)
(0 0.0708981 0.4535080975)
(0.0708981 0.0708981 0.4535080975)
(0 0 0.4574573397)
(0.0708981 0 0.4574573397)
(0 0.0708981 0.4574573397)
(0.0708981 0.0708981 0.4574573397)
(0 0 0.4613535292)
(0.0708981 0 0.4613535292)
(0 0.0708981 0.4613535292)
(0.0708981 0.0708981 0.4613535292)
(0 0 0.4651973786)
(0.0708981 0 0.4651973786)
(0 0.0708981 0.4651973786)
(0.0708981 0.0708981 0.4651973786)
(0 0 0.4689895912)
(0.0708981 0 0.4689895912)
(0 0.0708981 0.4689895912)
(0.0708981 0.0708981 0.4689895912)
(0 0 0.4727308606)
(0.0708981 0 0.4727308606)
(0 0.0708981 0.4727308606)
(0.0708981 0.0708981 0.4727308606)
(0 0 0.4764218711)
(0.0708981 0 0.4764218711)
(0 0.0708981 0.4764218711)
(0.0708981 0.0708981 0.4764218711)
(0 0 0.4800632978)
(0.0708981 0 0.4800632978)
(0 0.0708981 0.4800632978)
(0.0708981 0.0708981 0.4800632978)
(0 0 0.483655807)
(0.0708981 0 0.483655807)
(0 0.0708981 0.483655807)
(0.0708981 0.0708981 0.483655807)
(0 0 0.4872000557)
(0.0708981 0 0.4872000557)
(0 0.0708981 0.4872000557)
(0.0708981 0.0708981 0.4872000557)
(0 0 0.4906966922)
(0.0708981 0 0.4906966922)
(0 0.0708981 0.4906966922)
(0.0708981 0.0708981 0.4906966922)
(0 0 0.4941463562)
(0.0708981 0 0.4941463562)
(0 0.0708981 0.4941463562)
(0.0708981 0.0708981 0.4941463562)
(0 0 0.4975496786)
(0.0708981 0 0.4975496786)
(0 0.0708981 0.4975496786)
(0.0708981 0.0708981 0.4975496786)
(0 0 0.500907282)
(0.0708981 0 0.500907282)
(0 0.0708981 0.500907282)
(0.0708981 0.0708981 0.500907282)
(0 0 0.5042197805)
(0.0708981 0 0.5042197805)
(0 0.0708981 0.5042197805)
(0.0708981 0.0708981 0.5042197805)
(0 0 0.5074877802)
(0.0708981 0 0.5074877802)
(0 0.0708981 0.5074877802)
(0.0708981 0.0708981 0.5074877802)
(0 0 0.5107118787)
(0.0708981 0 0.5107118787)
(0 0.0708981 0.5107118787)
(0.0708981 0.0708981 0.5107118787)
(0 0 0.5138926659)
(0.0708981 0 0.5138926659)
(0 0.0708981 0.5138926659)
(0.0708981 0.0708981 0.5138926659)
(0 0 0.5170307234)
(0.0708981 0 0.5170307234)
(0 0.0708981 0.5170307234)
(0.0708981 0.0708981 0.5170307234)
(0 0 0.5201266255)
(0.0708981 0 0.5201266255)
(0 0.0708981 0.5201266255)
(0.0708981 0.0708981 0.5201266255)
(0 0 0.5231809383)
(0.0708981 0 0.5231809383)
(0 0.0708981 0.5231809383)
(0.0708981 0.0708981 0.5231809383)
(0 0 0.5261942206)
(0.0708981 0 0.5261942206)
(0 0.0708981 0.5261942206)
(0.0708981 0.0708981 0.5261942206)
(0 0 0.5291670235)
(0.0708981 0 0.5291670235)
(0 0.0708981 0.5291670235)
(0.0708981 0.0708981 0.5291670235)
(0 0 0.5320998909)
(0.0708981 0 0.5320998909)
(0 0.0708981 0.5320998909)
(0.0708981 0.0708981 0.5320998909)
(0 0 0.5349933591)
(0.0708981 0 0.5349933591)
(0 0.0708981 0.5349933591)
(0.0708981 0.0708981 0.5349933591)
(0 0 0.5378479576)
(0.0708981 0 0.5378479576)
(0 0.0708981 0.5378479576)
(0.0708981 0.0708981 0.5378479576)
(0 0 0.5406642084)
(0.0708981 0 0.5406642084)
(0 0.0708981 0.5406642084)
(0.0708981 0.0708981 0.5406642084)
(0 0 0.5434426267)
(0.0708981 0 0.5434426267)
(0 0.0708981 0.5434426267)
(0.0708981 0.0708981 0.5434426267)
(0 0 0.5461837207)
(0.0708981 0 0.5461837207)
(0 0.0708981 0.5461837207)
(0.0708981 0.0708981 0.5461837207)
(0 0 0.5488879919)
(0.0708981 0 0.5488879919)
(0 0.0708981 0.5488879919)
(0.0708981 0.0708981 0.5488879919)
(0 0 0.5515559348)
(0.0708981 0 0.5515559348)
(0 0.0708981 0.5515559348)
(0.0708981 0.0708981 0.5515559348)
(0 0 0.5541880376)
(0.0708981 0 0.5541880376)
(0 0.0708981 0.5541880376)
(0.0708981 0.0708981 0.5541880376)
(0 0 0.5567847816)
(0.0708981 0 0.5567847816)
(0 0.0708981 0.5567847816)
(0.0708981 0.0708981 0.5567847816)
(0 0 0.559346642)
(0.0708981 0 0.559346642)
(0 0.0708981 0.559346642)
(0.0708981 0.0708981 0.559346642)
(0 0 0.5618740872)
(0.0708981 0 0.5618740872)
(0 0.0708981 0.5618740872)
(0.0708981 0.0708981 0.5618740872)
(0 0 0.5643675796)
(0.0708981 0 0.5643675796)
(0 0.0708981 0.5643675796)
(0.0708981 0.0708981 0.5643675796)
(0 0 0.5668275753)
(0.0708981 0 0.5668275753)
(0 0.0708981 0.5668275753)
(0.0708981 0.0708981 0.5668275753)
(0 0 0.5692545243)
(0.0708981 0 0.5692545243)
(0 0.0708981 0.5692545243)
(0.0708981 0.0708981 0.5692545243)
(0 0 0.5716488706)
(0.0708981 0 0.5716488706)
(0 0.0708981 0.5716488706)
(0.0708981 0.0708981 0.5716488706)
(0 0 0.5740110521)
(0.0708981 0 0.5740110521)
(0 0.0708981 0.5740110521)
(0.0708981 0.0708981 0.5740110521)
(0 0 0.5763415009)
(0.0708981 0 0.5763415009)
(0 0.0708981 0.5763415009)
(0.0708981 0.0708981 0.5763415009)
(0 0 0.5786406433)
(0.0708981 0 0.5786406433)
(0 0.0708981 0.5786406433)
(0.0708981 0.0708981 0.5786406433)
(0 0 0.5809088998)
(0.0708981 0 0.5809088998)
(0 0.0708981 0.5809088998)
(0.0708981 0.0708981 0.5809088998)
(0 0 0.5831466854)
(0.0708981 0 0.5831466854)
(0 0.0708981 0.5831466854)
(0.0708981 0.0708981 0.5831466854)
(0 0 0.5853544093)
(0.0708981 0 0.5853544093)
(0 0.0708981 0.5853544093)
(0.0708981 0.0708981 0.5853544093)
(0 0 0.5875324755)
(0.0708981 0 0.5875324755)
(0 0.0708981 0.5875324755)
(0.0708981 0.0708981 0.5875324755)
(0 0 0.5896812824)
(0.0708981 0 0.5896812824)
(0 0.0708981 0.5896812824)
(0.0708981 0.0708981 0.5896812824)
(0 0 0.5918012229)
(0.0708981 0 0.5918012229)
(0 0.0708981 0.5918012229)
(0.0708981 0.0708981 0.5918012229)
(0 0 0.593892685)
(0.0708981 0 0.593892685)
(0 0.0708981 0.593892685)
(0.0708981 0.0708981 0.593892685)
(0 0 0.595956051)
(0.0708981 0 0.595956051)
(0 0.0708981 0.595956051)
(0.0708981 0.0708981 0.595956051)
(0 0 0.5979916986)
(0.0708981 0 0.5979916986)
(0 0.0708981 0.5979916986)
(0.0708981 0.0708981 0.5979916986)
(0 0 0.6)
(0.0708981 0 0.6)
(0 0.0708981 0.6)
(0.0708981 0.0708981 0.6)
)


// ************************************************************************* //
