/*--------------------------------*- C++ -*----------------------------------*\
  =========                 |
  \\      /  F ield         | OpenFOAM: The Open Source CFD Toolbox
   \\    /   O peration     | Website:  https://openfoam.org
    \\  /    A nd           | Version:  7
     \\/     M anipulation  |
\*---------------------------------------------------------------------------*/
FoamFile
{
    version     2.0;
    format      ascii;
    class       volScalarField;
    location    "0.000";
    object      hydrConduct;
}
// * * * * * * * * * * * * * * * * * * * * * * * * * * * * * * * * * * * * * //

dimensions      [0 1 -1 0 0 0 0];

internalField   nonuniform List<scalar> 
600
(
0.000206552
0.000206552
0.000206552
0.000206552
0.000206552
0.000206552
0.000206552
0.000206552
0.000206552
0.000206552
0.000206552
0.000206552
0.000206552
0.000206552
0.000206552
0.000206552
0.000206552
0.000206552
0.000206552
0.000206552
0.000206552
0.000206552
0.000206552
0.000206552
0.000206552
0.000206552
0.000206552
0.000206552
0.000206552
0.000206552
0.000206552
0.000206552
0.000206552
0.000206552
0.000206552
0.000206552
0.000206552
0.000206552
0.000206552
0.000206552
0.000206552
0.000206552
0.000206552
0.000206552
0.000206552
0.000206552
0.000206552
0.000206552
0.000206552
0.000206552
0.000206552
0.000206552
0.000206552
0.000206552
0.000206552
0.000206552
0.000206552
0.000206552
0.000206552
0.000206552
0.000206552
0.000206552
0.000206552
0.000206552
0.000206552
0.000206552
0.000206552
0.000206552
0.000206552
0.000206552
0.000206552
0.000206552
0.000206552
0.000206552
0.000206552
0.000206552
0.000206552
0.000206552
0.000206552
0.000206552
0.000206552
0.000206552
0.000206552
0.000206552
0.000206552
0.000206552
0.000206552
0.000206552
0.000206552
0.000206552
0.000206552
0.000206552
0.000206552
0.000206552
0.000206552
0.000206552
0.000206552
0.000206552
0.000206552
0.000206552
0.000206552
0.000206552
0.000206552
0.000206552
0.000206552
0.000206552
0.000206552
0.000206552
0.000206552
0.000206552
0.000206552
0.000206552
0.000206552
0.000206552
0.000206552
0.000206552
0.000206552
0.000206552
0.000206552
0.000206552
0.000206552
0.000206552
0.000206552
0.000206552
0.000206552
0.000206552
0.000206552
0.000206552
0.000206552
0.000206552
0.000206552
0.000206552
0.000206552
0.000206552
0.000206552
0.000206552
0.000206552
0.000206552
0.000206552
0.000206552
0.000206552
0.000206552
0.000206552
0.000206552
0.000206552
0.000206552
0.000206552
0.000206552
0.000206552
0.000206552
0.000206552
0.000206552
0.000206552
0.000206552
0.000206552
0.000206552
0.000206552
0.000206552
0.000206552
0.000206552
0.000206552
0.000206552
0.000206552
0.000206552
0.000206552
0.000206552
0.000206552
0.000206552
0.000206552
0.000206552
0.000206552
0.000206552
0.000206552
0.000206552
0.000206552
0.000206552
0.000206552
0.000206552
0.000206552
0.000206552
0.000206552
0.000206552
0.000206552
0.000206552
0.000206552
0.000206552
0.000206552
0.000206552
0.000206552
0.000206552
0.000206552
0.000206552
0.000206552
0.000206552
0.000206552
0.000206552
0.000206552
0.000206552
0.000206552
0.000206552
0.000206552
0.000206552
0.000206552
0.000206552
0.000206552
0.000206552
0.000206552
0.000206552
0.000206552
0.000206552
0.000206552
0.000206552
0.000206552
0.000206552
0.000206552
0.000206552
0.000206552
0.000206552
0.000206552
0.000206552
0.000206552
0.000206552
0.000206552
0.000206552
0.000206552
0.000206552
0.000206552
0.000206552
0.000206552
0.000206552
0.000206552
0.000206552
0.000206552
0.000206552
0.000206552
0.000206552
0.000206552
0.000206552
0.000206552
0.000206552
0.000206552
0.000206552
0.000206552
0.000206552
0.000206552
0.000206552
0.000206552
0.000206552
0.000206552
0.000206552
0.000206552
0.000206552
0.000206552
0.000206552
0.000206552
0.000206552
0.000206552
0.000206552
0.000206552
0.000206552
0.000206552
0.000206552
0.000206552
0.000206552
0.000206552
0.000206552
0.000206552
0.000206552
0.000206552
0.000206552
0.000206552
0.000206552
0.000206552
0.000206552
0.000206552
0.000206552
0.000206552
0.000206552
0.000206552
0.000206552
0.000206552
0.000206552
0.000206552
0.000206552
0.000206552
0.000206552
0.000206552
0.000206552
0.000206552
0.000206552
0.000206552
0.000206552
0.000206552
0.000206552
0.000206552
0.000206552
0.000206552
0.000206552
0.000206552
0.000206552
0.000206552
0.000206552
0.000206552
0.000206552
0.000206552
0.000206552
0.000206552
0.000206552
0.000206552
0.000206552
0.000206552
0.000206552
0.000206552
0.000206552
0.000206552
0.000206552
0.000206552
0.000206552
0.000206552
0.000206552
0.000206552
0.000206552
0.000206552
0.000206552
0.000206552
0.000206552
0.000206552
0.000206552
0.000206552
0.000206552
0.000206552
0.000206552
0.000206552
0.000206552
0.000206552
0.000206552
0.000206552
0.000206552
0.000206552
0.000206552
0.000206552
0.000206552
0.000206552
0.000206552
0.000206552
0.000206552
0.000206552
0.000206552
0.000206552
0.000206552
0.000206552
0.000206552
0.000206552
0.000206552
0.000206552
0.000206552
0.000206552
0.000206552
0.000206552
0.000206552
0.000206552
0.000206552
0.000206552
0.000206552
0.000206552
0.000206552
0.000206552
0.000206552
0.000206552
0.000206552
0.000206552
0.000206552
0.000206552
0.000206552
0.000206552
0.000206552
0.000206552
0.000206552
0.000206552
0.000206552
0.000206552
0.000206552
0.000206552
0.000206552
0.000206552
0.000206552
0.000206552
0.000206552
0.000206552
0.000206552
0.000206551
0.000206551
0.000206549
0.000206546
0.000206539
0.000206519
0.000206465
0.000206278
0.000205292
0.000194366
3.64091e-07
3.54573e-07
3.54573e-07
3.54573e-07
3.54573e-07
3.54573e-07
3.54573e-07
3.54573e-07
3.54573e-07
3.54573e-07
3.54573e-07
3.54573e-07
3.54573e-07
3.54573e-07
3.54573e-07
3.54573e-07
3.54573e-07
3.54573e-07
3.54573e-07
3.54573e-07
3.54573e-07
3.54573e-07
3.54573e-07
3.54573e-07
3.54573e-07
3.54573e-07
3.54573e-07
3.54573e-07
3.54573e-07
3.54573e-07
3.54573e-07
3.54573e-07
3.54573e-07
3.54573e-07
3.54573e-07
3.54573e-07
3.54573e-07
3.54573e-07
3.54573e-07
3.54573e-07
3.54573e-07
3.54573e-07
3.54573e-07
3.54573e-07
3.54573e-07
3.54573e-07
3.54573e-07
3.54573e-07
3.54573e-07
3.54573e-07
3.54573e-07
3.54573e-07
3.54573e-07
3.54573e-07
3.54573e-07
3.54573e-07
3.54573e-07
3.54573e-07
3.54573e-07
3.54573e-07
3.54573e-07
3.54573e-07
3.54573e-07
3.54573e-07
3.54573e-07
3.54573e-07
3.54573e-07
3.54573e-07
3.54573e-07
3.54573e-07
3.54573e-07
3.54573e-07
3.54573e-07
3.54573e-07
3.54573e-07
3.54573e-07
3.54573e-07
3.54573e-07
3.54573e-07
3.54573e-07
3.54573e-07
3.54573e-07
3.54573e-07
3.54573e-07
3.54573e-07
3.54573e-07
3.54573e-07
3.54573e-07
3.54573e-07
3.54573e-07
3.54573e-07
3.54573e-07
3.54573e-07
3.54573e-07
3.54573e-07
3.54573e-07
3.54573e-07
3.54573e-07
3.54573e-07
3.54573e-07
3.54573e-07
3.54573e-07
3.54573e-07
3.54573e-07
3.54573e-07
3.54573e-07
3.54573e-07
3.54573e-07
3.54573e-07
3.54573e-07
3.54573e-07
3.54573e-07
3.54573e-07
3.54573e-07
3.54573e-07
3.54573e-07
3.54573e-07
3.54573e-07
3.54573e-07
3.54573e-07
3.54573e-07
3.54573e-07
3.54573e-07
3.54573e-07
3.54573e-07
3.54573e-07
3.54573e-07
3.54573e-07
3.54573e-07
3.54573e-07
3.54573e-07
3.54573e-07
3.54573e-07
3.54573e-07
3.54573e-07
3.54573e-07
3.54573e-07
3.54573e-07
3.54573e-07
3.54573e-07
3.54573e-07
3.54573e-07
3.54573e-07
3.54573e-07
3.54573e-07
3.54573e-07
3.54573e-07
3.54573e-07
3.54573e-07
3.54573e-07
3.54573e-07
3.54573e-07
3.54573e-07
3.54573e-07
3.54573e-07
3.54573e-07
3.54573e-07
3.54573e-07
3.54573e-07
3.54573e-07
3.54573e-07
3.54573e-07
3.54573e-07
3.54573e-07
3.54573e-07
3.54573e-07
3.54573e-07
3.54573e-07
3.54573e-07
3.54573e-07
3.54573e-07
3.54573e-07
3.54573e-07
3.54573e-07
3.54573e-07
3.54573e-07
3.54573e-07
3.54573e-07
3.54573e-07
3.54573e-07
3.54573e-07
3.54573e-07
3.54573e-07
3.54573e-07
3.54573e-07
3.54573e-07
3.54573e-07
3.54573e-07
3.54573e-07
3.54573e-07
3.54573e-07
3.54573e-07
3.54573e-07
3.54573e-07
3.54573e-07
3.54573e-07
3.54573e-07
3.54573e-07
3.54573e-07
3.54573e-07
)
;

boundaryField
{
    top
    {
        type            calculated;
        value           uniform 3.54573e-07;
    }
    left
    {
        type            empty;
    }
    right
    {
        type            empty;
    }
    front
    {
        type            empty;
    }
    back
    {
        type            empty;
    }
    bottom
    {
        type            calculated;
        value           uniform 0.000206552;
    }
}


// ************************************************************************* //
