/*--------------------------------*- C++ -*----------------------------------*\
  =========                 |
  \\      /  F ield         | OpenFOAM: The Open Source CFD Toolbox
   \\    /   O peration     | Website:  https://openfoam.org
    \\  /    A nd           | Version:  7
     \\/     M anipulation  |
\*---------------------------------------------------------------------------*/
FoamFile
{
    version     2.0;
    format      ascii;
    class       volScalarField;
    location    "0.000";
    object      theta;
}
// * * * * * * * * * * * * * * * * * * * * * * * * * * * * * * * * * * * * * //

dimensions      [0 0 0 0 0 0 0];

internalField   nonuniform List<scalar> 
600
(
0.38497
0.38497
0.38497
0.38497
0.38497
0.38497
0.38497
0.38497
0.38497
0.38497
0.38497
0.38497
0.38497
0.38497
0.38497
0.38497
0.38497
0.38497
0.38497
0.38497
0.38497
0.38497
0.38497
0.38497
0.38497
0.38497
0.38497
0.38497
0.38497
0.38497
0.38497
0.38497
0.38497
0.38497
0.38497
0.38497
0.38497
0.38497
0.38497
0.38497
0.38497
0.38497
0.38497
0.38497
0.38497
0.38497
0.38497
0.38497
0.38497
0.38497
0.38497
0.38497
0.38497
0.38497
0.38497
0.38497
0.38497
0.38497
0.38497
0.38497
0.38497
0.38497
0.38497
0.38497
0.38497
0.38497
0.38497
0.38497
0.38497
0.38497
0.38497
0.38497
0.38497
0.38497
0.38497
0.38497
0.38497
0.38497
0.38497
0.38497
0.38497
0.38497
0.38497
0.38497
0.38497
0.38497
0.38497
0.38497
0.38497
0.38497
0.38497
0.38497
0.38497
0.38497
0.38497
0.38497
0.38497
0.38497
0.38497
0.38497
0.38497
0.38497
0.38497
0.38497
0.38497
0.38497
0.38497
0.38497
0.38497
0.38497
0.38497
0.38497
0.38497
0.38497
0.38497
0.38497
0.38497
0.38497
0.38497
0.38497
0.38497
0.38497
0.38497
0.38497
0.38497
0.38497
0.38497
0.38497
0.38497
0.38497
0.38497
0.38497
0.38497
0.38497
0.38497
0.38497
0.38497
0.38497
0.38497
0.38497
0.38497
0.38497
0.38497
0.38497
0.38497
0.38497
0.38497
0.38497
0.38497
0.38497
0.38497
0.38497
0.38497
0.38497
0.38497
0.38497
0.38497
0.38497
0.38497
0.38497
0.38497
0.38497
0.38497
0.38497
0.38497
0.38497
0.38497
0.38497
0.38497
0.38497
0.38497
0.38497
0.38497
0.38497
0.38497
0.38497
0.38497
0.38497
0.38497
0.38497
0.38497
0.38497
0.38497
0.38497
0.38497
0.38497
0.38497
0.38497
0.38497
0.38497
0.38497
0.38497
0.38497
0.38497
0.38497
0.38497
0.38497
0.38497
0.38497
0.38497
0.38497
0.38497
0.38497
0.38497
0.38497
0.38497
0.38497
0.38497
0.38497
0.38497
0.38497
0.38497
0.38497
0.38497
0.38497
0.38497
0.38497
0.38497
0.38497
0.38497
0.38497
0.38497
0.38497
0.38497
0.38497
0.38497
0.38497
0.38497
0.38497
0.38497
0.38497
0.38497
0.38497
0.38497
0.38497
0.38497
0.38497
0.38497
0.38497
0.38497
0.38497
0.38497
0.38497
0.38497
0.38497
0.38497
0.38497
0.38497
0.38497
0.38497
0.38497
0.38497
0.38497
0.38497
0.38497
0.38497
0.38497
0.38497
0.38497
0.38497
0.38497
0.38497
0.38497
0.38497
0.38497
0.38497
0.38497
0.38497
0.38497
0.38497
0.38497
0.38497
0.38497
0.38497
0.38497
0.38497
0.38497
0.38497
0.38497
0.38497
0.38497
0.38497
0.38497
0.38497
0.38497
0.38497
0.38497
0.38497
0.38497
0.38497
0.38497
0.38497
0.38497
0.38497
0.38497
0.38497
0.38497
0.38497
0.38497
0.38497
0.38497
0.38497
0.38497
0.38497
0.38497
0.38497
0.38497
0.38497
0.38497
0.38497
0.38497
0.38497
0.38497
0.38497
0.38497
0.38497
0.38497
0.38497
0.38497
0.38497
0.38497
0.38497
0.38497
0.38497
0.38497
0.38497
0.38497
0.38497
0.38497
0.38497
0.38497
0.38497
0.38497
0.38497
0.38497
0.38497
0.38497
0.38497
0.38497
0.38497
0.38497
0.38497
0.38497
0.38497
0.38497
0.38497
0.38497
0.38497
0.38497
0.38497
0.38497
0.38497
0.38497
0.38497
0.38497
0.38497
0.38497
0.38497
0.38497
0.38497
0.38497
0.38497
0.38497
0.38497
0.38497
0.38497
0.38497
0.38497
0.38497
0.38497
0.38497
0.38497
0.38497
0.38497
0.38497
0.38497
0.38497
0.38497
0.38497
0.38497
0.38497
0.38497
0.38497
0.38497
0.38497
0.38497
0.38497
0.38497
0.38497
0.38497
0.38497
0.384969
0.384969
0.384968
0.384967
0.384962
0.384948
0.384899
0.384597
0.380101
0.0555247
0.0551197
0.0551197
0.0551197
0.0551197
0.0551197
0.0551197
0.0551197
0.0551197
0.0551197
0.0551197
0.0551197
0.0551197
0.0551197
0.0551197
0.0551197
0.0551197
0.0551197
0.0551197
0.0551197
0.0551197
0.0551197
0.0551197
0.0551197
0.0551197
0.0551197
0.0551197
0.0551197
0.0551197
0.0551197
0.0551197
0.0551197
0.0551197
0.0551197
0.0551197
0.0551197
0.0551197
0.0551197
0.0551197
0.0551197
0.0551197
0.0551197
0.0551197
0.0551197
0.0551197
0.0551197
0.0551197
0.0551197
0.0551197
0.0551197
0.0551197
0.0551197
0.0551197
0.0551197
0.0551197
0.0551197
0.0551197
0.0551197
0.0551197
0.0551197
0.0551197
0.0551197
0.0551197
0.0551197
0.0551197
0.0551197
0.0551197
0.0551197
0.0551197
0.0551197
0.0551197
0.0551197
0.0551197
0.0551197
0.0551197
0.0551197
0.0551197
0.0551197
0.0551197
0.0551197
0.0551197
0.0551197
0.0551197
0.0551197
0.0551197
0.0551197
0.0551197
0.0551197
0.0551197
0.0551197
0.0551197
0.0551197
0.0551197
0.0551197
0.0551197
0.0551197
0.0551197
0.0551197
0.0551197
0.0551197
0.0551197
0.0551197
0.0551197
0.0551197
0.0551197
0.0551197
0.0551197
0.0551197
0.0551197
0.0551197
0.0551197
0.0551197
0.0551197
0.0551197
0.0551197
0.0551197
0.0551197
0.0551197
0.0551197
0.0551197
0.0551197
0.0551197
0.0551197
0.0551197
0.0551197
0.0551197
0.0551197
0.0551197
0.0551197
0.0551197
0.0551197
0.0551197
0.0551197
0.0551197
0.0551197
0.0551197
0.0551197
0.0551197
0.0551197
0.0551197
0.0551197
0.0551197
0.0551197
0.0551197
0.0551197
0.0551197
0.0551197
0.0551197
0.0551197
0.0551197
0.0551197
0.0551197
0.0551197
0.0551197
0.0551197
0.0551197
0.0551197
0.0551197
0.0551197
0.0551197
0.0551197
0.0551197
0.0551197
0.0551197
0.0551197
0.0551197
0.0551197
0.0551197
0.0551197
0.0551197
0.0551197
0.0551197
0.0551197
0.0551197
0.0551197
0.0551197
0.0551197
0.0551197
0.0551197
0.0551197
0.0551197
0.0551197
0.0551197
0.0551197
0.0551197
0.0551197
0.0551197
0.0551197
0.0551197
0.0551197
0.0551197
0.0551197
0.0551197
0.0551197
0.0551197
0.0551197
0.0551197
0.0551197
0.0551197
0.0551197
)
;

boundaryField
{
    top
    {
        type            calculated;
        value           uniform 0.0551197;
    }
    left
    {
        type            empty;
    }
    right
    {
        type            empty;
    }
    front
    {
        type            empty;
    }
    back
    {
        type            empty;
    }
    bottom
    {
        type            calculated;
        value           uniform 0.38497;
    }
}


// ************************************************************************* //
