/*--------------------------------*- C++ -*----------------------------------*\
  =========                 |
  \\      /  F ield         | OpenFOAM: The Open Source CFD Toolbox
   \\    /   O peration     | Website:  https://openfoam.org
    \\  /    A nd           | Version:  7
     \\/     M anipulation  |
\*---------------------------------------------------------------------------*/
FoamFile
{
    version     2.0;
    format      ascii;
    class       vectorField;
    location    "constant/polyMesh";
    object      points;
}
// * * * * * * * * * * * * * * * * * * * * * * * * * * * * * * * * * * * * * //


420
(
(0 0 0)
(0.2 0 0)
(0 0.2 0)
(0.2 0.2 0)
(0 0 0.002743903203)
(0.2 0 0.002743903203)
(0 0.2 0.002743903203)
(0.2 0.2 0.002743903203)
(0 0 0.005517229896)
(0.2 0 0.005517229896)
(0 0.2 0.005517229896)
(0.2 0.2 0.005517229896)
(0 0 0.008320295595)
(0.2 0 0.008320295595)
(0 0.2 0.008320295595)
(0.2 0.2 0.008320295595)
(0 0 0.0111534192)
(0.2 0 0.0111534192)
(0 0.2 0.0111534192)
(0.2 0.2 0.0111534192)
(0 0 0.01401692302)
(0.2 0 0.01401692302)
(0 0.2 0.01401692302)
(0.2 0.2 0.01401692302)
(0 0 0.01691113284)
(0.2 0 0.01691113284)
(0 0.2 0.01691113284)
(0.2 0.2 0.01691113284)
(0 0 0.01983637792)
(0.2 0 0.01983637792)
(0 0.2 0.01983637792)
(0.2 0.2 0.01983637792)
(0 0 0.02279299106)
(0.2 0 0.02279299106)
(0 0.2 0.02279299106)
(0.2 0.2 0.02279299106)
(0 0 0.02578130863)
(0.2 0 0.02578130863)
(0 0.2 0.02578130863)
(0.2 0.2 0.02578130863)
(0 0 0.0288016706)
(0.2 0 0.0288016706)
(0 0.2 0.0288016706)
(0.2 0.2 0.0288016706)
(0 0 0.03185442059)
(0.2 0 0.03185442059)
(0 0.2 0.03185442059)
(0.2 0.2 0.03185442059)
(0 0 0.03493990591)
(0.2 0 0.03493990591)
(0 0.2 0.03493990591)
(0.2 0.2 0.03493990591)
(0 0 0.03805847757)
(0.2 0 0.03805847757)
(0 0.2 0.03805847757)
(0.2 0.2 0.03805847757)
(0 0 0.04121049038)
(0.2 0 0.04121049038)
(0 0.2 0.04121049038)
(0.2 0.2 0.04121049038)
(0 0 0.04439630294)
(0.2 0 0.04439630294)
(0 0.2 0.04439630294)
(0.2 0.2 0.04439630294)
(0 0 0.04761627768)
(0.2 0 0.04761627768)
(0 0.2 0.04761627768)
(0.2 0.2 0.04761627768)
(0 0 0.05087078093)
(0.2 0 0.05087078093)
(0 0.2 0.05087078093)
(0.2 0.2 0.05087078093)
(0 0 0.05416018295)
(0.2 0 0.05416018295)
(0 0.2 0.05416018295)
(0.2 0.2 0.05416018295)
(0 0 0.05748485796)
(0.2 0 0.05748485796)
(0 0.2 0.05748485796)
(0.2 0.2 0.05748485796)
(0 0 0.06084518422)
(0.2 0 0.06084518422)
(0 0.2 0.06084518422)
(0.2 0.2 0.06084518422)
(0 0 0.06424154401)
(0.2 0 0.06424154401)
(0 0.2 0.06424154401)
(0.2 0.2 0.06424154401)
(0 0 0.06767432373)
(0.2 0 0.06767432373)
(0 0.2 0.06767432373)
(0.2 0.2 0.06767432373)
(0 0 0.07114391391)
(0.2 0 0.07114391391)
(0 0.2 0.07114391391)
(0.2 0.2 0.07114391391)
(0 0 0.0746507093)
(0.2 0 0.0746507093)
(0 0.2 0.0746507093)
(0.2 0.2 0.0746507093)
(0 0 0.07819510883)
(0.2 0 0.07819510883)
(0 0.2 0.07819510883)
(0.2 0.2 0.07819510883)
(0 0 0.08177751576)
(0.2 0 0.08177751576)
(0 0.2 0.08177751576)
(0.2 0.2 0.08177751576)
(0 0 0.08539833765)
(0.2 0 0.08539833765)
(0 0.2 0.08539833765)
(0.2 0.2 0.08539833765)
(0 0 0.08905798642)
(0.2 0 0.08905798642)
(0 0.2 0.08905798642)
(0.2 0.2 0.08905798642)
(0 0 0.09275687843)
(0.2 0 0.09275687843)
(0 0.2 0.09275687843)
(0.2 0.2 0.09275687843)
(0 0 0.09649543449)
(0.2 0 0.09649543449)
(0 0.2 0.09649543449)
(0.2 0.2 0.09649543449)
(0 0 0.1002740799)
(0.2 0 0.1002740799)
(0 0.2 0.1002740799)
(0.2 0.2 0.1002740799)
(0 0 0.1040932446)
(0.2 0 0.1040932446)
(0 0.2 0.1040932446)
(0.2 0.2 0.1040932446)
(0 0 0.1079533631)
(0.2 0 0.1079533631)
(0 0.2 0.1079533631)
(0.2 0.2 0.1079533631)
(0 0 0.1118548745)
(0.2 0 0.1118548745)
(0 0.2 0.1118548745)
(0.2 0.2 0.1118548745)
(0 0 0.1157982226)
(0.2 0 0.1157982226)
(0 0.2 0.1157982226)
(0.2 0.2 0.1157982226)
(0 0 0.1197838562)
(0.2 0 0.1197838562)
(0 0.2 0.1197838562)
(0.2 0.2 0.1197838562)
(0 0 0.1238122286)
(0.2 0 0.1238122286)
(0 0.2 0.1238122286)
(0.2 0.2 0.1238122286)
(0 0 0.1278837982)
(0.2 0 0.1278837982)
(0 0.2 0.1278837982)
(0.2 0.2 0.1278837982)
(0 0 0.1319990281)
(0.2 0 0.1319990281)
(0 0.2 0.1319990281)
(0.2 0.2 0.1319990281)
(0 0 0.1361583865)
(0.2 0 0.1361583865)
(0 0.2 0.1361583865)
(0.2 0.2 0.1361583865)
(0 0 0.1403623467)
(0.2 0 0.1403623467)
(0 0.2 0.1403623467)
(0.2 0.2 0.1403623467)
(0 0 0.1446113869)
(0.2 0 0.1446113869)
(0 0.2 0.1446113869)
(0.2 0.2 0.1446113869)
(0 0 0.1489059905)
(0.2 0 0.1489059905)
(0 0.2 0.1489059905)
(0.2 0.2 0.1489059905)
(0 0 0.1532466461)
(0.2 0 0.1532466461)
(0 0.2 0.1532466461)
(0.2 0.2 0.1532466461)
(0 0 0.1576338476)
(0.2 0 0.1576338476)
(0 0.2 0.1576338476)
(0.2 0.2 0.1576338476)
(0 0 0.1620680939)
(0.2 0 0.1620680939)
(0 0.2 0.1620680939)
(0.2 0.2 0.1620680939)
(0 0 0.1665498897)
(0.2 0 0.1665498897)
(0 0.2 0.1665498897)
(0.2 0.2 0.1665498897)
(0 0 0.1710797448)
(0.2 0 0.1710797448)
(0 0.2 0.1710797448)
(0.2 0.2 0.1710797448)
(0 0 0.1756581746)
(0.2 0 0.1756581746)
(0 0.2 0.1756581746)
(0.2 0.2 0.1756581746)
(0 0 0.1802856999)
(0.2 0 0.1802856999)
(0 0.2 0.1802856999)
(0.2 0.2 0.1802856999)
(0 0 0.1849628472)
(0.2 0 0.1849628472)
(0 0.2 0.1849628472)
(0.2 0.2 0.1849628472)
(0 0 0.1896901486)
(0.2 0 0.1896901486)
(0 0.2 0.1896901486)
(0.2 0.2 0.1896901486)
(0 0 0.1944681419)
(0.2 0 0.1944681419)
(0 0.2 0.1944681419)
(0.2 0.2 0.1944681419)
(0 0 0.1992973707)
(0.2 0 0.1992973707)
(0 0.2 0.1992973707)
(0.2 0.2 0.1992973707)
(0 0 0.2041783844)
(0.2 0 0.2041783844)
(0 0.2 0.2041783844)
(0.2 0.2 0.2041783844)
(0 0 0.2091117383)
(0.2 0 0.2091117383)
(0 0.2 0.2091117383)
(0.2 0.2 0.2091117383)
(0 0 0.2140979937)
(0.2 0 0.2140979937)
(0 0.2 0.2140979937)
(0.2 0.2 0.2140979937)
(0 0 0.2191377178)
(0.2 0 0.2191377178)
(0 0.2 0.2191377178)
(0.2 0.2 0.2191377178)
(0 0 0.224231484)
(0.2 0 0.224231484)
(0 0.2 0.224231484)
(0.2 0.2 0.224231484)
(0 0 0.2293798718)
(0.2 0 0.2293798718)
(0 0.2 0.2293798718)
(0.2 0.2 0.2293798718)
(0 0 0.2345834669)
(0.2 0 0.2345834669)
(0 0.2 0.2345834669)
(0.2 0.2 0.2345834669)
(0 0 0.2398428613)
(0.2 0 0.2398428613)
(0 0.2 0.2398428613)
(0.2 0.2 0.2398428613)
(0 0 0.2451586535)
(0.2 0 0.2451586535)
(0 0.2 0.2451586535)
(0.2 0.2 0.2451586535)
(0 0 0.250531448)
(0.2 0 0.250531448)
(0 0.2 0.250531448)
(0.2 0.2 0.250531448)
(0 0 0.2559618562)
(0.2 0 0.2559618562)
(0 0.2 0.2559618562)
(0.2 0.2 0.2559618562)
(0 0 0.261450496)
(0.2 0 0.261450496)
(0 0.2 0.261450496)
(0.2 0.2 0.261450496)
(0 0 0.2669979916)
(0.2 0 0.2669979916)
(0 0.2 0.2669979916)
(0.2 0.2 0.2669979916)
(0 0 0.2726049743)
(0.2 0 0.2726049743)
(0 0.2 0.2726049743)
(0.2 0.2 0.2726049743)
(0 0 0.2782720819)
(0.2 0 0.2782720819)
(0 0.2 0.2782720819)
(0.2 0.2 0.2782720819)
(0 0 0.2839999592)
(0.2 0 0.2839999592)
(0 0.2 0.2839999592)
(0.2 0.2 0.2839999592)
(0 0 0.2897892578)
(0.2 0 0.2897892578)
(0 0.2 0.2897892578)
(0.2 0.2 0.2897892578)
(0 0 0.2956406363)
(0.2 0 0.2956406363)
(0 0.2 0.2956406363)
(0.2 0.2 0.2956406363)
(0 0 0.3015547605)
(0.2 0 0.3015547605)
(0 0.2 0.3015547605)
(0.2 0.2 0.3015547605)
(0 0 0.3075323032)
(0.2 0 0.3075323032)
(0 0.2 0.3075323032)
(0.2 0.2 0.3075323032)
(0 0 0.3135739444)
(0.2 0 0.3135739444)
(0 0.2 0.3135739444)
(0.2 0.2 0.3135739444)
(0 0 0.3196803715)
(0.2 0 0.3196803715)
(0 0.2 0.3196803715)
(0.2 0.2 0.3196803715)
(0 0 0.3258522792)
(0.2 0 0.3258522792)
(0 0.2 0.3258522792)
(0.2 0.2 0.3258522792)
(0 0 0.3320903696)
(0.2 0 0.3320903696)
(0 0.2 0.3320903696)
(0.2 0.2 0.3320903696)
(0 0 0.3383953525)
(0.2 0 0.3383953525)
(0 0.2 0.3383953525)
(0.2 0.2 0.3383953525)
(0 0 0.3447679451)
(0.2 0 0.3447679451)
(0 0.2 0.3447679451)
(0.2 0.2 0.3447679451)
(0 0 0.3512088725)
(0.2 0 0.3512088725)
(0 0.2 0.3512088725)
(0.2 0.2 0.3512088725)
(0 0 0.3577188673)
(0.2 0 0.3577188673)
(0 0.2 0.3577188673)
(0.2 0.2 0.3577188673)
(0 0 0.3642986704)
(0.2 0 0.3642986704)
(0 0.2 0.3642986704)
(0.2 0.2 0.3642986704)
(0 0 0.3709490301)
(0.2 0 0.3709490301)
(0 0.2 0.3709490301)
(0.2 0.2 0.3709490301)
(0 0 0.3776707031)
(0.2 0 0.3776707031)
(0 0.2 0.3776707031)
(0.2 0.2 0.3776707031)
(0 0 0.3844644542)
(0.2 0 0.3844644542)
(0 0.2 0.3844644542)
(0.2 0.2 0.3844644542)
(0 0 0.3913310561)
(0.2 0 0.3913310561)
(0 0.2 0.3913310561)
(0.2 0.2 0.3913310561)
(0 0 0.3982712902)
(0.2 0 0.3982712902)
(0 0.2 0.3982712902)
(0.2 0.2 0.3982712902)
(0 0 0.405285946)
(0.2 0 0.405285946)
(0 0.2 0.405285946)
(0.2 0.2 0.405285946)
(0 0 0.4123758215)
(0.2 0 0.4123758215)
(0 0.2 0.4123758215)
(0.2 0.2 0.4123758215)
(0 0 0.4195417233)
(0.2 0 0.4195417233)
(0 0.2 0.4195417233)
(0.2 0.2 0.4195417233)
(0 0 0.4267844667)
(0.2 0 0.4267844667)
(0 0.2 0.4267844667)
(0.2 0.2 0.4267844667)
(0 0 0.4341048756)
(0.2 0 0.4341048756)
(0 0.2 0.4341048756)
(0.2 0.2 0.4341048756)
(0 0 0.441503783)
(0.2 0 0.441503783)
(0 0.2 0.441503783)
(0.2 0.2 0.441503783)
(0 0 0.4489820305)
(0.2 0 0.4489820305)
(0 0.2 0.4489820305)
(0.2 0.2 0.4489820305)
(0 0 0.4565404689)
(0.2 0 0.4565404689)
(0 0.2 0.4565404689)
(0.2 0.2 0.4565404689)
(0 0 0.4641799582)
(0.2 0 0.4641799582)
(0 0.2 0.4641799582)
(0.2 0.2 0.4641799582)
(0 0 0.4719013674)
(0.2 0 0.4719013674)
(0 0.2 0.4719013674)
(0.2 0.2 0.4719013674)
(0 0 0.4797055751)
(0.2 0 0.4797055751)
(0 0.2 0.4797055751)
(0.2 0.2 0.4797055751)
(0 0 0.487593469)
(0.2 0 0.487593469)
(0 0.2 0.487593469)
(0.2 0.2 0.487593469)
(0 0 0.4955659465)
(0.2 0 0.4955659465)
(0 0.2 0.4955659465)
(0.2 0.2 0.4955659465)
(0 0 0.5036239148)
(0.2 0 0.5036239148)
(0 0.2 0.5036239148)
(0.2 0.2 0.5036239148)
(0 0 0.5117682904)
(0.2 0 0.5117682904)
(0 0.2 0.5117682904)
(0.2 0.2 0.5117682904)
(0 0 0.52)
(0.2 0 0.52)
(0 0.2 0.52)
(0.2 0.2 0.52)
)


// ************************************************************************* //
