/*--------------------------------*- C++ -*----------------------------------*\
  =========                 |
  \\      /  F ield         | OpenFOAM: The Open Source CFD Toolbox
   \\    /   O peration     | Website:  https://openfoam.org
    \\  /    A nd           | Version:  7
     \\/     M anipulation  |
\*---------------------------------------------------------------------------*/
FoamFile
{
    version     2.0;
    format      ascii;
    class       volScalarField;
    location    "0.000";
    object      mag(U);
}
// * * * * * * * * * * * * * * * * * * * * * * * * * * * * * * * * * * * * * //

dimensions      [0 1 -1 0 0 0 0];

internalField   nonuniform List<scalar> 
413
(
9.35388e-05
0.000100216
0.000100216
0.000100216
0.000100216
0.000100216
0.000100216
0.000100216
0.000100216
0.000100216
0.000100216
0.000100216
0.000100216
0.000100216
0.000100216
0.000100216
0.000100216
0.000100216
0.000100216
0.000100216
0.000100216
0.000100216
0.000100216
0.000100216
0.000100216
0.000100216
0.000100216
0.000100216
0.000100216
0.000100216
0.000100216
0.000100216
0.000100216
0.000100216
0.000100216
0.000100216
0.000100216
0.000100216
0.000100216
0.000100216
0.000100216
0.000100216
0.000100216
0.000100216
0.000100216
0.000100216
0.000100216
0.000100216
0.000100216
0.000100216
0.000100216
0.000100216
0.000100216
0.000100216
0.000100216
0.000100216
0.000100216
0.000100216
0.000100216
0.000100216
0.000100216
0.000100216
0.000100216
0.000100216
0.000100216
0.000100216
0.000100216
0.000100216
0.000100216
0.000100216
0.000100216
0.000100216
0.000100216
0.000100216
0.000100216
0.000100216
0.000100216
0.000100216
0.000100216
0.000100216
0.000100216
0.000100216
0.000100216
0.000100216
0.000100216
0.000100216
0.000100216
0.000100216
0.000100216
0.000100216
0.000100216
0.000100216
0.000100216
0.000100216
0.000100216
0.000100216
0.000100216
0.000100216
0.000100216
0.000100216
0.000100216
0.000100216
0.000100216
0.000100216
0.000100216
0.000100216
0.000100216
0.000100216
0.000100216
0.000100216
0.000100216
0.000100216
0.000100216
0.000100216
0.000100216
0.000100216
0.000100216
0.000100216
0.000100216
0.000100216
0.000100216
0.000100216
0.000100216
0.000100216
0.000100216
0.000100216
0.000100216
0.000100216
0.000100216
0.000100216
0.000100216
0.000100216
0.000100216
0.000100216
0.000100216
0.000100216
0.000100216
0.000100216
0.000100216
0.000100216
0.000100216
0.000100216
0.000100216
0.000100216
0.000100216
0.000100216
0.000100216
0.000100216
0.000100216
0.000100216
0.000100216
0.000100216
0.000100216
0.000100216
0.000100216
0.000100216
0.000100216
0.000100216
0.000100216
0.000100216
0.000100216
0.000100216
0.000100216
0.000100216
0.000100216
0.000100216
0.000100216
0.000100216
0.000100216
0.000100216
0.000100216
0.000100216
0.000100216
0.000100216
0.000100216
0.000100216
0.000100216
0.000100216
0.000100216
0.000100216
0.000100216
0.000100216
0.000100216
0.000100216
0.000100216
0.000100216
0.000100216
0.000100216
0.000100216
0.000100216
0.000100216
0.000100216
0.000100216
0.000100216
0.000100216
0.000100216
0.000100216
0.000100216
0.000100216
0.000100216
0.000100216
0.000100216
0.000100216
0.000100216
0.000100216
0.000100216
0.000100216
0.000100216
0.000100216
0.000100216
0.000100216
0.000100216
0.000100216
0.000100216
0.000100216
0.000100216
0.000100216
0.000100216
0.000100216
0.000100216
0.000100216
0.000100216
0.000100216
0.000100216
0.000100216
0.000100216
0.000100216
0.000100216
0.000100216
0.000100216
0.000100216
0.000100216
0.000100216
0.000100216
0.000100216
0.000100216
0.000100216
0.000100216
0.000100216
0.000100216
0.000100216
0.000100216
0.000100216
0.000100216
0.000100216
0.000100216
0.000100216
0.000100216
0.000100216
0.000100216
0.000100216
0.000100216
0.000100216
0.000100216
0.000100216
0.000100216
0.000100216
0.000100216
0.000100216
0.000100216
0.000100216
0.000100216
0.000100216
0.000100216
0.000100216
0.000100216
0.000100216
0.000100216
0.000100216
0.000100216
0.000100216
0.000100216
0.000100216
0.000100216
0.000100216
0.000100216
0.000100216
0.000100216
0.000100216
0.000100216
0.000100216
0.000100216
0.000100216
0.000100216
0.000100216
0.000100216
0.000100216
0.000100216
0.000100216
0.000100216
0.000100216
0.000100216
0.000100216
0.000100216
0.000100216
0.000100216
0.000100216
0.000100216
0.000100216
0.000100216
0.000100216
0.000100216
0.000100216
0.000100216
0.000100216
0.000100216
0.000100216
0.000100216
0.000100216
0.000100216
0.000100216
0.000100216
0.000100216
0.000100216
0.000100216
0.000100216
0.000100216
0.000100216
0.000100216
0.000100216
0.000100216
0.000100216
0.000100216
0.000100216
0.000100216
0.000100216
0.000100216
0.000100216
0.000100216
0.000100216
0.000100216
0.000100216
0.000100216
0.000100216
0.000100216
0.000100216
0.000100216
0.000100216
0.000100216
0.000100216
0.000100216
0.000100216
0.000100216
0.000100216
0.000100216
0.000100216
0.000100216
0.000100216
0.000100216
0.000100216
0.000100216
0.000100216
0.000100216
0.000100216
0.000100216
0.000100216
0.000100216
0.000100216
0.000100216
0.000100216
0.000100216
0.000100216
0.000100216
0.000100216
0.000100216
0.000100216
0.000100216
0.000100216
0.000100216
0.000100216
0.000100216
0.000100216
0.000100216
0.000100216
0.000100216
0.000100216
0.000100216
0.000100216
0.000100216
0.000100216
0.000100216
0.000100216
0.000100216
0.000100216
0.000100216
0.000100216
0.000100216
0.000100216
0.000100216
0.000100216
0.000100216
0.000100216
0.000100216
0.000100216
0.000100216
0.000100216
0.000100216
0.000100216
0.000100216
0.000100216
0.000100216
0.000100216
0.000100216
0.000100216
0.000100216
0.000100216
0.000100216
0.000100216
0.000100216
0.000100216
0.000100216
0.000100216
0.000100216
)
;

boundaryField
{
    top
    {
        type            calculated;
        value           uniform 0.000100216;
    }
    left
    {
        type            empty;
    }
    right
    {
        type            empty;
    }
    front
    {
        type            empty;
    }
    back
    {
        type            empty;
    }
    bottom
    {
        type            calculated;
        value           uniform 9.03713e-05;
    }
}


// ************************************************************************* //
