(
			(0.0 1.6700e-02)
			(1.0 1.6700e-02)
			(43199.0 1.6700e-02)
			(43200.0 1.6700e-02)
			(43201.0 1.6700e-02)
			(86399.0 1.6700e-02)
			(86400.0 1.6700e-02)
			(86401.0 1.6700e-02)
			(129599.0 1.6700e-02)
			(129600.0 1.6700e-02)
			(129601.0 1.6700e-02)
			(172799.0 1.6700e-02)
			(172800.0 1.0000e-04)
			(172801.0 1.0000e-04)
			(215999.0 1.0000e-04)
			(216000.0 1.0000e-04)
			(216001.0 1.0000e-04)
			(259199.0 1.0000e-04)
			(259200.0 1.6700e-02)
			(259201.0 1.6700e-02)
			(302399.0 1.6700e-02)
			(302400.0 1.6700e-02)
			(302401.0 1.6700e-02)
			(345599.0 1.6700e-02)
			(345600.0 1.6700e-02)
			(345601.0 1.6700e-02)
			(388799.0 1.6700e-02)
			(388800.0 1.6700e-02)
			(388801.0 1.6700e-02)
			(431999.0 1.6700e-02)
			(432000.0 1.0000e-04)
			(432001.0 1.0000e-04)
			(475199.0 1.0000e-04)
			(475200.0 1.0000e-04)
			(475201.0 1.0000e-04)
			(518399.0 1.0000e-04)
			(518400.0 1.6700e-02)
			(518401.0 1.6700e-02)
			(561599.0 1.6700e-02)
			(561600.0 1.6700e-02)
			(561601.0 1.6700e-02)
			(604799.0 1.6700e-02)
			(604800.0 1.6700e-02)
			(604801.0 1.6700e-02)
			(647999.0 1.6700e-02)
			(648000.0 1.6700e-02)
			(648001.0 1.6700e-02)
			(691199.0 1.6700e-02)
			(691200.0 1.0000e-04)
			(691201.0 1.0000e-04)
			(734399.0 1.0000e-04)
			(734400.0 1.0000e-04)
			(734401.0 1.0000e-04)
			(777599.0 1.0000e-04)
			(777600.0 1.6700e-02)
			(777601.0 1.6700e-02)
			(820799.0 1.6700e-02)
			(820800.0 1.6700e-02)
			(820801.0 1.6700e-02)
			(863999.0 1.6700e-02)
			(864000.0 1.6700e-02)
			(864001.0 1.6700e-02)
			(907199.0 1.6700e-02)
			(907200.0 1.6700e-02)
			(907201.0 1.6700e-02)
			(950399.0 1.6700e-02)
			(950400.0 1.0000e-04)
			(950401.0 1.0000e-04)
			(993599.0 1.0000e-04)
			(993600.0 1.0000e-04)
			(993601.0 1.0000e-04)
			(1036799.0 1.0000e-04)
			(1036800.0 1.6700e-02)
			(1036801.0 1.6700e-02)
			(1079999.0 1.6700e-02)
			(1080000.0 1.6700e-02)
			(1080001.0 1.6700e-02)
			(1123199.0 1.6700e-02)
			(1123200.0 1.6700e-02)
			(1123201.0 1.6700e-02)
			(1166399.0 1.6700e-02)
			(1166400.0 1.6700e-02)
			(1166401.0 1.6700e-02)
			(1209599.0 1.6700e-02)
			(1209600.0 1.0000e-04)
			(1209601.0 1.0000e-04)
			(1252799.0 1.0000e-04)
			(1252800.0 1.0000e-04)
			(1252801.0 1.0000e-04)
			(1295999.0 1.0000e-04)
			(1296000.0 1.6700e-02)
			(1296001.0 1.6700e-02)
			(1339199.0 1.6700e-02)
			(1339200.0 1.6700e-02)
			(1339201.0 1.6700e-02)
			(1382399.0 1.6700e-02)
			(1382400.0 1.6700e-02)
			(1382401.0 1.6700e-02)
			(1425599.0 1.6700e-02)
			(1425600.0 1.6700e-02)
			(1425601.0 1.6700e-02)
			(1468799.0 1.6700e-02)
			(1468800.0 1.0000e-04)
			(1468801.0 1.0000e-04)
			(1511999.0 1.0000e-04)
			(1512000.0 1.0000e-04)
			(1512001.0 1.0000e-04)
			(1555199.0 1.0000e-04)
			(1555200.0 1.6700e-02)
			(1555201.0 1.6700e-02)
			(1598399.0 1.6700e-02)
			(1598400.0 1.6700e-02)
			(1598401.0 1.6700e-02)
			(1641599.0 1.6700e-02)
			(1641600.0 1.6700e-02)
			(1641601.0 1.6700e-02)
			(1684799.0 1.6700e-02)
			(1684800.0 1.6700e-02)
			(1684801.0 1.6700e-02)
			(1727999.0 1.6700e-02)
			(1728000.0 1.0000e-04)
			(1728001.0 1.0000e-04)
			(1771199.0 1.0000e-04)
			(1771200.0 1.0000e-04)
			(1771201.0 1.0000e-04)
			(1814399.0 1.0000e-04)
			(1814400.0 1.6700e-02)
			(1814401.0 1.6700e-02)
)