295.390
592.485
912.485
1192.485
1512.485
1792.485
2112.485
2392.485
2712.485
2992.485
3312.485
3592.485
3912.485
4192.485
4512.485
4792.485
5112.485
5392.485
5712.485
5992.485
6312.485
6592.485
6912.485
7192.485
7512.485
7792.485
8112.485
8392.485
8712.485
8992.485
9312.485
9592.485
9912.485
10192.485
10512.485
10792.485
11112.485
11392.485
11712.485
11992.485
12312.485
12592.485
12912.485
13192.485
13512.485
13792.485
14112.485
14392.485
14712.485
14992.485
15312.485
15592.485
15912.485
16192.485
16512.485
16792.485
17112.485
17392.485
17712.485
17992.485
18312.485
18592.485
18912.485
19192.485
19512.485
19792.485
20112.485
20392.485
20712.485
20992.485
21312.485
21592.485
21912.485
22192.485
22512.485
22792.485
23112.485
23392.485
23712.485
23992.485
24312.485
24592.485
24912.485
25192.485
25512.485
25792.485
26112.485
26392.485
26712.485
26992.485
27312.485
27592.485
27912.485
28192.485
28512.485
28792.485
29112.485
29392.485
29712.485
29992.485
30312.485
30592.485
30912.485
31192.485
31512.485
31792.485
32112.485
32392.485
32712.485
32992.485
33312.485
33592.485
33912.485
34192.485
34512.485
34792.485
35112.485
35392.485
35712.485
35992.485
36312.485
36592.485
36912.485
37192.485
37512.485
37792.485
38112.485
38392.485
38712.485
38992.485
39312.485
39592.485
39912.485
40192.485
40512.485
40792.485
41112.485
41392.485
41712.485
41992.485
42312.485
42592.485
42912.485
43192.485
43512.485
43792.485
44112.485
44392.485
44712.485
44992.485
45312.485
45592.485
45912.485
46192.485
46512.485
46792.485
47112.485
47392.485
47712.485
47992.485
48312.485
48592.485
48912.485
49192.485
49512.485
49792.485
50112.485
50392.485
50712.485
50992.485
51312.485
51592.485
51912.485
52192.485
52512.485
52792.485
53112.485
53392.485
53712.485
53992.485
54312.485
54592.485
54912.485
55192.485
55512.485
55792.485
56112.485
56392.485
56712.485
56992.485
57312.485
57592.485
57912.485
58192.485
58512.485
58792.485
59112.485
59392.485
59712.485
59992.485
60312.485
60592.485
60912.485
61192.485
61512.485
61792.485
62112.485
62392.485
62712.485
62992.485
63312.485
63592.485
63912.485
64192.485
64512.485
64792.485
65112.485
65392.485
65712.485
65992.485
66312.485
66592.485
66912.485
67192.485
67512.485
67792.485
68112.485
68392.485
68712.485
68992.485
69312.485
69592.485
69912.485
70192.485
70512.485
70792.485
71112.485
71392.485
71712.485
71992.485
72312.485
72592.485
72912.485
73192.485
73512.485
73792.485
74112.485
74392.485
74712.485
74992.485
75312.485
75592.485
75912.485
76192.485
76512.485
76792.485
77112.485
77392.485
77712.485
77992.485
78312.485
78592.485
78912.485
79192.485
79512.485
79792.485
80112.485
80392.485
80712.485
80992.485
81312.485
81592.485
81912.485
82192.485
82512.485
82792.485
83112.485
83392.485
83712.485
83992.485
84312.485
84592.485
84912.485
85192.485
85512.485
85792.485
86112.485
86400.000
86697.192
87015.179
87295.179
87615.179
87895.179
88215.179
88495.179
88815.179
89095.179
89415.179
89695.179
90015.179
90295.179
90615.179
90895.179
91215.179
91495.179
91815.179
92095.179
92415.179
92695.179
93015.179
93295.179
93615.179
93895.179
94215.179
94495.179
94815.179
95095.179
95415.179
95695.179
96015.179
96295.179
96615.179
96895.179
97215.179
97495.179
97815.179
98095.179
98415.179
98695.179
99015.179
99295.179
99615.179
99895.179
100215.179
100495.179
100815.179
101095.179
101415.179
101695.179
102015.179
102295.179
102615.179
102895.179
103215.179
103495.179
103815.179
104095.179
104415.179
104695.179
105015.179
105295.179
105615.179
105895.179
106215.179
106495.179
106815.179
107095.179
107415.179
107695.179
108015.179
108295.179
108615.179
108895.179
109215.179
109495.179
109815.179
110095.179
110415.179
110695.179
111015.179
111295.179
111615.179
111895.179
112215.179
112495.179
112815.179
113095.179
113415.179
113695.179
114015.179
114295.179
114615.179
114895.179
115215.179
115495.179
115815.179
116095.179
116415.179
116695.179
117015.179
117295.179
117615.179
117895.179
118215.179
118495.179
118815.179
119095.179
119415.179
119695.179
120015.179
120295.179
120615.179
120895.179
121215.179
121495.179
121815.179
122095.179
122415.179
122695.179
123015.179
123295.179
123615.179
123895.179
124215.179
124495.179
124815.179
125095.179
125415.179
125695.179
126015.179
126295.179
126615.179
126895.179
127215.179
127495.179
127815.179
128095.179
128415.179
128695.179
129015.179
129295.179
129615.179
129895.179
130215.179
130495.179
130815.179
131095.179
131415.179
131695.179
132015.179
132295.179
132615.179
132895.179
133215.179
133495.179
133815.179
134095.179
134415.179
134695.179
135015.179
135295.179
135615.179
135895.179
136215.179
136495.179
136815.179
137095.179
137415.179
137695.179
138015.179
138295.179
138615.179
138895.179
139215.179
139495.179
139815.179
140095.179
140415.179
140695.179
141015.179
141295.179
141615.179
141895.179
142215.179
142495.179
142815.179
143095.179
143415.179
143695.179
144015.179
144295.179
144615.179
144895.179
145215.179
145495.179
145815.179
146095.179
146415.179
146695.179
147015.179
147295.179
147615.179
147895.179
148215.179
148495.179
148815.179
149095.179
149415.179
149695.179
150015.179
150295.179
150615.179
150895.179
151215.179
151495.179
151815.179
152095.179
152415.179
152695.179
153015.179
153295.179
153615.179
153895.179
154215.179
154495.179
154815.179
155095.179
155415.179
155695.179
156015.179
156295.179
156615.179
156895.179
157215.179
157495.179
157815.179
158095.179
158415.179
158695.179
159015.179
159295.179
159615.179
159895.179
160215.179
160495.179
160815.179
161095.179
161415.179
161695.179
162015.179
162295.179
162615.179
162895.179
163215.179
163495.179
163815.179
164095.179
164415.179
164695.179
165015.179
165295.179
165615.179
165895.179
166215.179
166495.179
166815.179
167095.179
167415.179
167695.179
168015.179
168295.179
168615.179
168895.179
169215.179
169495.179
169815.179
170095.179
170415.179
170695.179
171015.179
171295.179
171615.179
171895.179
172215.179
172495.179
172800.000
173086.691
173406.691
173686.691
174006.691
174286.691
174606.691
174886.691
175206.691
175486.691
175806.691
176086.691
176406.691
176686.691
177006.691
177286.691
177606.691
177886.691
178206.691
178486.691
178806.691
179086.691
179406.691
179686.691
180006.691
180286.691
180606.691
180886.691
181206.691
181486.691
181806.691
182086.691
182406.691
182686.691
183006.691
183286.691
183606.691
183886.691
184206.691
184486.691
184806.691
185086.691
185406.691
185686.691
186006.691
186286.691
186606.691
186886.691
187206.691
187486.691
187806.691
188086.691
188406.691
188686.691
189006.691
189286.691
189606.691
189886.691
190206.691
190486.691
190806.691
191086.691
191406.691
191686.691
192006.691
192286.691
192606.691
192886.691
193206.691
193486.691
193806.691
194086.691
194406.691
194686.691
195006.691
195286.691
195606.691
195886.691
196206.691
196486.691
196806.691
197086.691
197406.691
197686.691
198006.691
198286.691
198606.691
198886.691
199206.691
199486.691
199806.691
200086.691
200406.691
200686.691
201006.691
201286.691
201606.691
201886.691
202206.691
202486.691
202806.691
203086.691
203406.691
203686.691
204006.691
204286.691
204606.691
204886.691
205206.691
205486.691
205806.691
206086.691
206406.691
206686.691
207006.691
207286.691
207606.691
207886.691
208206.691
208486.691
208806.691
209086.691
209406.691
209686.691
210006.691
210286.691
210606.691
210886.691
211206.691
211486.691
211806.691
212086.691
212406.691
212686.691
213006.691
213286.691
213606.691
213886.691
214206.691
214486.691
214806.691
215086.691
215406.691
215686.691
216006.691
216286.691
216606.691
216886.691
217206.691
217486.691
217806.691
218086.691
218406.691
218686.691
219006.691
219286.691
219606.691
219886.691
220206.691
220486.691
220806.691
221086.691
221406.691
221686.691
222006.691
222286.691
222606.691
222886.691
223206.691
223486.691
223806.691
224086.691
224406.691
224686.691
225006.691
225286.691
225606.691
225886.691
226206.691
226486.691
226806.691
227086.691
227406.691
227686.691
228006.691
228286.691
228606.691
228886.691
229206.691
229486.691
229806.691
230086.691
230406.691
230686.691
231006.691
231286.691
231606.691
231886.691
232206.691
232486.691
232806.691
233086.691
233406.691
233686.691
234006.691
234286.691
234606.691
234886.691
235206.691
235486.691
235806.691
236086.691
236406.691
236686.691
237006.691
237286.691
237606.691
237886.691
238206.691
238486.691
238806.691
239086.691
239406.691
239686.691
240006.691
240286.691
240606.691
240886.691
241206.691
241486.691
241806.691
242086.691
242406.691
242686.691
243006.691
243286.691
243606.691
243886.691
244206.691
244486.691
244806.691
245086.691
245406.691
245686.691
246006.691
246286.691
246606.691
246886.691
247206.691
247486.691
247806.691
248086.691
248406.691
248686.691
249006.691
249286.691
249606.691
249886.691
250206.691
250486.691
250806.691
251086.691
251406.691
251686.691
252006.691
252286.691
252606.691
252886.691
253206.691
253486.691
253806.691
254086.691
254406.691
254686.691
255006.691
255286.691
255606.691
255886.691
256206.691
256486.691
256806.691
257086.691
257406.691
257686.691
258006.691
258286.691
258606.691
258886.691
259200.000
259516.640
259796.640
260116.640
260396.640
260716.640
260996.640
261316.640
261596.640
261916.640
262196.640
262516.640
262796.640
263116.640
263396.640
263716.640
263996.640
264316.640
264596.640
264916.640
265196.640
265516.640
265796.640
266116.640
266396.640
266716.640
266996.640
267316.640
267596.640
267916.640
268196.640
268516.640
268796.640
269116.640
269396.640
269716.640
269996.640
270316.640
270596.640
270916.640
271196.640
271516.640
271796.640
272116.640
272396.640
272716.640
272996.640
273316.640
273596.640
273916.640
274196.640
274516.640
274796.640
275116.640
275396.640
275716.640
275996.640
276316.640
276596.640
276916.640
277196.640
277516.640
277796.640
278116.640
278396.640
278716.640
278996.640
279316.640
279596.640
279916.640
280196.640
280516.640
280796.640
281116.640
281396.640
281716.640
281996.640
282316.640
282596.640
282916.640
283196.640
283516.640
283796.640
284116.640
284396.640
284716.640
284996.640
285316.640
285596.640
285916.640
286196.640
286516.640
286796.640
287116.640
287396.640
287716.640
287996.640
288316.640
288596.640
288916.640
289196.640
289516.640
289796.640
290116.640
290396.640
290716.640
290996.640
291316.640
291596.640
291916.640
292196.640
292516.640
292796.640
293116.640
293396.640
293716.640
293996.640
294316.640
294596.640
294916.640
295196.640
295516.640
295796.640
296116.640
296396.640
296716.640
296996.640
297316.640
297596.640
297916.640
298196.640
298516.640
298796.640
299116.640
299396.640
299716.640
299996.640
300316.640
300596.640
300916.640
301196.640
301516.640
301796.640
302116.640
302396.640
302716.640
302996.640
303316.640
303596.640
303916.640
304196.640
304516.640
304796.640
305116.640
305396.640
305716.640
305996.640
306316.640
306596.640
306916.640
307196.640
307516.640
307796.640
308116.640
308396.640
308716.640
308996.640
309316.640
309596.640
309916.640
310196.640
310516.640
310796.640
311116.640
311396.640
311716.640
311996.640
312316.640
312596.640
312916.640
313196.640
313516.640
313796.640
314116.640
314396.640
314716.640
314996.640
315316.640
315596.640
315916.640
316196.640
316516.640
316796.640
317116.640
317396.640
317716.640
317996.640
318316.640
318596.640
318916.640
319196.640
319516.640
319796.640
320116.640
320396.640
320716.640
320996.640
321316.640
321596.640
321916.640
322196.640
322516.640
322796.640
323116.640
323396.640
323716.640
323996.640
324316.640
324596.640
324916.640
325196.640
325516.640
325796.640
326116.640
326396.640
326716.640
326996.640
327316.640
327596.640
327916.640
328196.640
328516.640
328796.640
329116.640
329396.640
329716.640
329996.640
330316.640
330596.640
330916.640
331196.640
331516.640
331796.640
332116.640
332396.640
332716.640
332996.640
333316.640
333596.640
333916.640
334196.640
334516.640
334796.640
335116.640
335396.640
335716.640
335996.640
336316.640
336596.640
336916.640
337196.640
337516.640
337796.640
338116.640
338396.640
338716.640
338996.640
339316.640
339596.640
339916.640
340196.640
340516.640
340796.640
341116.640
341396.640
341716.640
341996.640
342316.640
342596.640
342916.640
343196.640
343516.640
343796.640
344116.640
344396.640
344716.640
344996.640
345316.640
345600.000
345893.965
346203.458
346483.458
346803.458
347083.458
347403.458
347683.458
348003.458
348283.458
348603.458
348883.458
349203.458
349483.458
349803.458
350083.458
350403.458
350683.458
351003.458
351283.458
351603.458
351883.458
352203.458
352483.458
352803.458
353083.458
353403.458
353683.458
354003.458
354283.458
354603.458
354883.458
355203.458
355483.458
355803.458
356083.458
356403.458
356683.458
357003.458
357283.458
357603.458
357883.458
358203.458
358483.458
358803.458
359083.458
359403.458
359683.458
360003.458
360283.458
360603.458
360883.458
361203.458
361483.458
361803.458
362083.458
362403.458
362683.458
363003.458
363283.458
363603.458
363883.458
364203.458
364483.458
364803.458
365083.458
365403.458
365683.458
366003.458
366283.458
366603.458
366883.458
367203.458
367483.458
367803.458
368083.458
368403.458
368683.458
369003.458
369283.458
369603.458
369883.458
370203.458
370483.458
370803.458
371083.458
371403.458
371683.458
372003.458
372283.458
372603.458
372883.458
373203.458
373483.458
373803.458
374083.458
374403.458
374683.458
375003.458
375283.458
375603.458
375883.458
376203.458
376483.458
376803.458
377083.458
377403.458
377683.458
378003.458
378283.458
378603.458
378883.458
379203.458
379483.458
379803.458
380083.458
380403.458
380683.458
381003.458
381283.458
381603.458
381883.458
382203.458
382483.458
382803.458
383083.458
383403.458
383683.458
384003.458
384283.458
384603.458
384883.458
385203.458
385483.458
385803.458
386083.458
386403.458
386683.458
387003.458
387283.458
387603.458
387883.458
388203.458
388483.458
388803.458
389083.458
389403.458
389683.458
390003.458
390283.458
390603.458
390883.458
391203.458
391483.458
391803.458
392083.458
392403.458
392683.458
393003.458
393283.458
393603.458
393883.458
394203.458
394483.458
394803.458
395083.458
395403.458
395683.458
396003.458
396283.458
396603.458
396883.458
397203.458
397483.458
397803.458
398083.458
398403.458
398683.458
399003.458
399283.458
399603.458
399883.458
400203.458
400483.458
400803.458
401083.458
401403.458
401683.458
402003.458
402283.458
402603.458
402883.458
403203.458
403483.458
403803.458
404083.458
404403.458
404683.458
405003.458
405283.458
405603.458
405883.458
406203.458
406483.458
406803.458
407083.458
407403.458
407683.458
408003.458
408283.458
408603.458
408883.458
409203.458
409483.458
409803.458
410083.458
410403.458
410683.458
411003.458
411283.458
411603.458
411883.458
412203.458
412483.458
412803.458
413083.458
413403.458
413683.458
414003.458
414283.458
414603.458
414883.458
415203.458
415483.458
415803.458
416083.458
416403.458
416683.458
417003.458
417283.458
417603.458
417883.458
418203.458
418483.458
418803.458
419083.458
419403.458
419683.458
420003.458
420283.458
420603.458
420883.458
421203.458
421483.458
421803.458
422083.458
422403.458
422683.458
423003.458
423283.458
423603.458
423883.458
424203.458
424483.458
424803.458
425083.458
425403.458
425683.458
426003.458
426283.458
426603.458
426883.458
427203.458
427483.458
427803.458
428083.458
428403.458
428683.458
429003.458
429283.458
429603.458
429883.458
430203.458
430483.458
430803.458
431083.458
431403.458
431683.458
432000.000
432280.000
432600.000
432880.000
433200.000
433480.000
433800.000
434080.000
434400.000
434680.000
435000.000
435280.000
435600.000
435880.000
436200.000
436480.000
436800.000
437080.000
437400.000
437680.000
438000.000
438280.000
438600.000
438880.000
439200.000
439480.000
439800.000
440080.000
440400.000
440680.000
441000.000
441280.000
441600.000
441880.000
442200.000
442480.000
442800.000
443080.000
443400.000
443680.000
444000.000
444280.000
444600.000
444880.000
445200.000
445480.000
445800.000
446080.000
446400.000
446680.000
447000.000
447280.000
447600.000
447880.000
448200.000
448480.000
448800.000
449080.000
449400.000
449680.000
450000.000
450280.000
450600.000
450880.000
451200.000
451480.000
451800.000
452080.000
452400.000
452680.000
453000.000
453280.000
453600.000
453880.000
454200.000
454480.000
454800.000
455080.000
455400.000
455680.000
456000.000
456280.000
456600.000
456880.000
457200.000
457480.000
457800.000
458080.000
458400.000
458680.000
459000.000
459280.000
459600.000
459880.000
460200.000
460480.000
460800.000
461080.000
461400.000
461680.000
462000.000
462280.000
462600.000
462880.000
463200.000
463480.000
463800.000
464080.000
464400.000
464680.000
465000.000
465280.000
465600.000
465880.000
466200.000
466480.000
466800.000
467080.000
467400.000
467680.000
468000.000
468280.000
468600.000
468880.000
469200.000
469480.000
469800.000
470080.000
470400.000
470680.000
471000.000
471280.000
471600.000
471880.000
472200.000
472480.000
472800.000
473080.000
473400.000
473680.000
474000.000
474280.000
474600.000
474880.000
475200.000
475480.000
475800.000
476080.000
476400.000
476680.000
477000.000
477280.000
477600.000
477880.000
478200.000
478480.000
478800.000
479080.000
479400.000
479680.000
480000.000
480280.000
480600.000
480880.000
481200.000
481480.000
481800.000
482080.000
482400.000
482680.000
483000.000
483280.000
483600.000
483880.000
484200.000
484480.000
484800.000
485080.000
485400.000
485680.000
486000.000
486280.000
486600.000
486880.000
487200.000
487480.000
487800.000
488080.000
488400.000
488680.000
489000.000
489280.000
489600.000
489880.000
490200.000
490480.000
490800.000
491080.000
491400.000
491680.000
492000.000
492280.000
492600.000
492880.000
493200.000
493480.000
493800.000
494080.000
494400.000
494680.000
495000.000
495280.000
495600.000
495880.000
496200.000
496480.000
496800.000
497080.000
497400.000
497680.000
498000.000
498280.000
498600.000
498880.000
499200.000
499480.000
499800.000
500080.000
500400.000
500680.000
501000.000
501280.000
501600.000
501880.000
502200.000
502480.000
502800.000
503080.000
503400.000
503680.000
504000.000
504280.000
504600.000
504880.000
505200.000
505480.000
505800.000
506080.000
506400.000
506680.000
507000.000
507280.000
507600.000
507880.000
508200.000
508480.000
508800.000
509080.000
509400.000
509680.000
510000.000
510280.000
510600.000
510880.000
511200.000
511480.000
511800.000
512080.000
512400.000
512680.000
513000.000
513280.000
513600.000
513880.000
514200.000
514480.000
514800.000
515080.000
515400.000
515680.000
516000.000
516280.000
516600.000
516880.000
517200.000
517480.000
517800.000
518080.000
518400.000
518704.097
519004.754
519284.754
519604.754
519884.754
520204.754
520484.754
520804.754
521084.754
521404.754
521684.754
522004.754
522284.754
522604.754
522884.754
523204.754
523484.754
523804.754
524084.754
524404.754
524684.754
525004.754
525284.754
525604.754
525884.754
526204.754
526484.754
526804.754
527084.754
527404.754
527684.754
528004.754
528284.754
528604.754
528884.754
529204.754
529484.754
529804.754
530084.754
530404.754
530684.754
531004.754
531284.754
531604.754
531884.754
532204.754
532484.754
532804.754
533084.754
533404.754
533684.754
534004.754
534284.754
534604.754
534884.754
535204.754
535484.754
535804.754
536084.754
536404.754
536684.754
537004.754
537284.754
537604.754
537884.754
538204.754
538484.754
538804.754
539084.754
539404.754
539684.754
540004.754
540284.754
540604.754
540884.754
541204.754
541484.754
541804.754
542084.754
542404.754
542684.754
543004.754
543284.754
543604.754
543884.754
544204.754
544484.754
544804.754
545084.754
545404.754
545684.754
546004.754
546284.754
546604.754
546884.754
547204.754
547484.754
547804.754
548084.754
548404.754
548684.754
549004.754
549284.754
549604.754
549884.754
550204.754
550484.754
550804.754
551084.754
551404.754
551684.754
552004.754
552284.754
552604.754
552884.754
553204.754
553484.754
553804.754
554084.754
554404.754
554684.754
555004.754
555284.754
555604.754
555884.754
556204.754
556484.754
556804.754
557084.754
557404.754
557684.754
558004.754
558284.754
558604.754
558884.754
559204.754
559484.754
559804.754
560084.754
560404.754
560684.754
561004.754
561284.754
561604.754
561884.754
562204.754
562484.754
562804.754
563084.754
563404.754
563684.754
564004.754
564284.754
564604.754
564884.754
565204.754
565484.754
565804.754
566084.754
566404.754
566684.754
567004.754
567284.754
567604.754
567884.754
568204.754
568484.754
568804.754
569084.754
569404.754
569684.754
570004.754
570284.754
570604.754
570884.754
571204.754
571484.754
571804.754
572084.754
572404.754
572684.754
573004.754
573284.754
573604.754
573884.754
574204.754
574484.754
574804.754
575084.754
575404.754
575684.754
576004.754
576284.754
576604.754
576884.754
577204.754
577484.754
577804.754
578084.754
578404.754
578684.754
579004.754
579284.754
579604.754
579884.754
580204.754
580484.754
580804.754
581084.754
581404.754
581684.754
582004.754
582284.754
582604.754
582884.754
583204.754
583484.754
583804.754
584084.754
584404.754
584684.754
585004.754
585284.754
585604.754
585884.754
586204.754
586484.754
586804.754
587084.754
587404.754
587684.754
588004.754
588284.754
588604.754
588884.754
589204.754
589484.754
589804.754
590084.754
590404.754
590684.754
591004.754
591284.754
591604.754
591884.754
592204.754
592484.754
592804.754
593084.754
593404.754
593684.754
594004.754
594284.754
594604.754
594884.754
595204.754
595484.754
595804.754
596084.754
596404.754
596684.754
597004.754
597284.754
597604.754
597884.754
598204.754
598484.754
598804.754
599084.754
599404.754
599684.754
600004.754
600284.754
600604.754
600884.754
601204.754
601484.754
601804.754
602084.754
602404.754
602684.754
603004.754
603284.754
603604.754
603884.754
604204.754
604484.754
604800.000
605118.771
605398.771
605718.771
605998.771
606318.771
606598.771
606918.771
607198.771
607518.771
607798.771
608118.771
608398.771
608718.771
608998.771
609318.771
609598.771
609918.771
610198.771
610518.771
610798.771
611118.771
611398.771
611718.771
611998.771
612318.771
612598.771
612918.771
613198.771
613518.771
613798.771
614118.771
614398.771
614718.771
614998.771
615318.771
615598.771
615918.771
616198.771
616518.771
616798.771
617118.771
617398.771
617718.771
617998.771
618318.771
618598.771
618918.771
619198.771
619518.771
619798.771
620118.771
620398.771
620718.771
620998.771
621318.771
621598.771
621918.771
622198.771
622518.771
622798.771
623118.771
623398.771
623718.771
623998.771
624318.771
624598.771
624918.771
625198.771
625518.771
625798.771
626118.771
626398.771
626718.771
626998.771
627318.771
627598.771
627918.771
628198.771
628518.771
628798.771
629118.771
629398.771
629718.771
629998.771
630318.771
630598.771
630918.771
631198.771
631518.771
631798.771
632118.771
632398.771
632718.771
632998.771
633318.771
633598.771
633918.771
634198.771
634518.771
634798.771
635118.771
635398.771
635718.771
635998.771
636318.771
636598.771
636918.771
637198.771
637518.771
637798.771
638118.771
638398.771
638718.771
638998.771
639318.771
639598.771
639918.771
640198.771
640518.771
640798.771
641118.771
641398.771
641718.771
641998.771
642318.771
642598.771
642918.771
643198.771
643518.771
643798.771
644118.771
644398.771
644718.771
644998.771
645318.771
645598.771
645918.771
646198.771
646518.771
646798.771
647118.771
647398.771
647718.771
647998.771
648318.771
648598.771
648918.771
649198.771
649518.771
649798.771
650118.771
650398.771
650718.771
650998.771
651318.771
651598.771
651918.771
652198.771
652518.771
652798.771
653118.771
653398.771
653718.771
653998.771
654318.771
654598.771
654918.771
655198.771
655518.771
655798.771
656118.771
656398.771
656718.771
656998.771
657318.771
657598.771
657918.771
658198.771
658518.771
658798.771
659118.771
659398.771
659718.771
659998.771
660318.771
660598.771
660918.771
661198.771
661518.771
661798.771
662118.771
662398.771
662718.771
662998.771
663318.771
663598.771
663918.771
664198.771
664518.771
664798.771
665118.771
665398.771
665718.771
665998.771
666318.771
666598.771
666918.771
667198.771
667518.771
667798.771
668118.771
668398.771
668718.771
668998.771
669318.771
669598.771
669918.771
670198.771
670518.771
670798.771
671118.771
671398.771
671718.771
671998.771
672318.771
672598.771
672918.771
673198.771
673518.771
673798.771
674118.771
674398.771
674718.771
674998.771
675318.771
675598.771
675918.771
676198.771
676518.771
676798.771
677118.771
677398.771
677718.771
677998.771
678318.771
678598.771
678918.771
679198.771
679518.771
679798.771
680118.771
680398.771
680718.771
680998.771
681318.771
681598.771
681918.771
682198.771
682518.771
682798.771
683118.771
683398.771
683718.771
683998.771
684318.771
684598.771
684918.771
685198.771
685518.771
685798.771
686118.771
686398.771
686718.771
686998.771
687318.771
687598.771
687918.771
688198.771
688518.771
688798.771
689118.771
689398.771
689718.771
689998.771
690318.771
690598.771
690918.771
691200.000
691500.437
691804.357
692084.357
692404.357
692684.357
693004.357
693284.357
693604.357
693884.357
694204.357
694484.357
694804.357
695084.357
695404.357
695684.357
696004.357
696284.357
696604.357
696884.357
697204.357
697484.357
697804.357
698084.357
698404.357
698684.357
699004.357
699284.357
699604.357
699884.357
700204.357
700484.357
700804.357
701084.357
701404.357
701684.357
702004.357
702284.357
702604.357
702884.357
703204.357
703484.357
703804.357
704084.357
704404.357
704684.357
705004.357
705284.357
705604.357
705884.357
706204.357
706484.357
706804.357
707084.357
707404.357
707684.357
708004.357
708284.357
708604.357
708884.357
709204.357
709484.357
709804.357
710084.357
710404.357
710684.357
711004.357
711284.357
711604.357
711884.357
712204.357
712484.357
712804.357
713084.357
713404.357
713684.357
714004.357
714284.357
714604.357
714884.357
715204.357
715484.357
715804.357
716084.357
716404.357
716684.357
717004.357
717284.357
717604.357
717884.357
718204.357
718484.357
718804.357
719084.357
719404.357
719684.357
720004.357
720284.357
720604.357
720884.357
721204.357
721484.357
721804.357
722084.357
722404.357
722684.357
723004.357
723284.357
723604.357
723884.357
724204.357
724484.357
724804.357
725084.357
725404.357
725684.357
726004.357
726284.357
726604.357
726884.357
727204.357
727484.357
727804.357
728084.357
728404.357
728684.357
729004.357
729284.357
729604.357
729884.357
730204.357
730484.357
730804.357
731084.357
731404.357
731684.357
732004.357
732284.357
732604.357
732884.357
733204.357
733484.357
733804.357
734084.357
734404.357
734684.357
735004.357
735284.357
735604.357
735884.357
736204.357
736484.357
736804.357
737084.357
737404.357
737684.357
738004.357
738284.357
738604.357
738884.357
739204.357
739484.357
739804.357
740084.357
740404.357
740684.357
741004.357
741284.357
741604.357
741884.357
742204.357
742484.357
742804.357
743084.357
743404.357
743684.357
744004.357
744284.357
744604.357
744884.357
745204.357
745484.357
745804.357
746084.357
746404.357
746684.357
747004.357
747284.357
747604.357
747884.357
748204.357
748484.357
748804.357
749084.357
749404.357
749684.357
750004.357
750284.357
750604.357
750884.357
751204.357
751484.357
751804.357
752084.357
752404.357
752684.357
753004.357
753284.357
753604.357
753884.357
754204.357
754484.357
754804.357
755084.357
755404.357
755684.357
756004.357
756284.357
756604.357
756884.357
757204.357
757484.357
757804.357
758084.357
758404.357
758684.357
759004.357
759284.357
759604.357
759884.357
760204.357
760484.357
760804.357
761084.357
761404.357
761684.357
762004.357
762284.357
762604.357
762884.357
763204.357
763484.357
763804.357
764084.357
764404.357
764684.357
765004.357
765284.357
765604.357
765884.357
766204.357
766484.357
766804.357
767084.357
767404.357
767684.357
768004.357
768284.357
768604.357
768884.357
769204.357
769484.357
769804.357
770084.357
770404.357
770684.357
771004.357
771284.357
771604.357
771884.357
772204.357
772484.357
772804.357
773084.357
773404.357
773684.357
774004.357
774284.357
774604.357
774884.357
775204.357
775484.357
775804.357
776084.357
776404.357
776684.357
777004.357
777284.357
777600.000
777919.208
778199.208
778519.208
778799.208
779119.208
779399.208
779719.208
779999.208
780319.208
780599.208
780919.208
781199.208
781519.208
781799.208
782119.208
782399.208
782719.208
782999.208
783319.208
783599.208
783919.208
784199.208
784519.208
784799.208
785119.208
785399.208
785719.208
785999.208
786319.208
786599.208
786919.208
787199.208
787519.208
787799.208
788119.208
788399.208
788719.208
788999.208
789319.208
789599.208
789919.208
790199.208
790519.208
790799.208
791119.208
791399.208
791719.208
791999.208
792319.208
792599.208
792919.208
793199.208
793519.208
793799.208
794119.208
794399.208
794719.208
794999.208
795319.208
795599.208
795919.208
796199.208
796519.208
796799.208
797119.208
797399.208
797719.208
797999.208
798319.208
798599.208
798919.208
799199.208
799519.208
799799.208
800119.208
800399.208
800719.208
800999.208
801319.208
801599.208
801919.208
802199.208
802519.208
802799.208
803119.208
803399.208
803719.208
803999.208
804319.208
804599.208
804919.208
805199.208
805519.208
805799.208
806119.208
806399.208
806719.208
806999.208
807319.208
807599.208
807919.208
808199.208
808519.208
808799.208
809119.208
809399.208
809719.208
809999.208
810319.208
810599.208
810919.208
811199.208
811519.208
811799.208
812119.208
812399.208
812719.208
812999.208
813319.208
813599.208
813919.208
814199.208
814519.208
814799.208
815119.208
815399.208
815719.208
815999.208
816319.208
816599.208
816919.208
817199.208
817519.208
817799.208
818119.208
818399.208
818719.208
818999.208
819319.208
819599.208
819919.208
820199.208
820519.208
820799.208
821119.208
821399.208
821719.208
821999.208
822319.208
822599.208
822919.208
823199.208
823519.208
823799.208
824119.208
824399.208
824719.208
824999.208
825319.208
825599.208
825919.208
826199.208
826519.208
826799.208
827119.208
827399.208
827719.208
827999.208
828319.208
828599.208
828919.208
829199.208
829519.208
829799.208
830119.208
830399.208
830719.208
830999.208
831319.208
831599.208
831919.208
832199.208
832519.208
832799.208
833119.208
833399.208
833719.208
833999.208
834319.208
834599.208
834919.208
835199.208
835519.208
835799.208
836119.208
836399.208
836719.208
836999.208
837319.208
837599.208
837919.208
838199.208
838519.208
838799.208
839119.208
839399.208
839719.208
839999.208
840319.208
840599.208
840919.208
841199.208
841519.208
841799.208
842119.208
842399.208
842719.208
842999.208
843319.208
843599.208
843919.208
844199.208
844519.208
844799.208
845119.208
845399.208
845719.208
845999.208
846319.208
846599.208
846919.208
847199.208
847519.208
847799.208
848119.208
848399.208
848719.208
848999.208
849319.208
849599.208
849919.208
850199.208
850519.208
850799.208
851119.208
851399.208
851719.208
851999.208
852319.208
852599.208
852919.208
853199.208
853519.208
853799.208
854119.208
854399.208
854719.208
854999.208
855319.208
855599.208
855919.208
856199.208
856519.208
856799.208
857119.208
857399.208
857719.208
857999.208
858319.208
858599.208
858919.208
859199.208
859519.208
859799.208
860119.208
860399.208
860719.208
860999.208
861319.208
861599.208
861919.208
862199.208
862519.208
862799.208
863119.208
863399.208
863719.208
864000.000
