/*--------------------------------*- C++ -*----------------------------------*\
  =========                 |
  \\      /  F ield         | OpenFOAM: The Open Source CFD Toolbox
   \\    /   O peration     | Website:  https://openfoam.org
    \\  /    A nd           | Version:  7
     \\/     M anipulation  |
\*---------------------------------------------------------------------------*/
FoamFile
{
    version     2.0;
    format      ascii;
    class       vectorField;
    location    "constant/polyMesh";
    object      points;
}
// * * * * * * * * * * * * * * * * * * * * * * * * * * * * * * * * * * * * * //


2404
(
(0 0 0)
(0.15 0 0)
(0 0.15 0)
(0.15 0.15 0)
(0 0 0.01386202438)
(0.15 0 0.01386202438)
(0 0.15 0.01386202438)
(0.15 0.15 0.01386202438)
(0 0 0.02770801727)
(0.15 0 0.02770801727)
(0 0.15 0.02770801727)
(0.15 0.15 0.02770801727)
(0 0 0.0415379972)
(0.15 0 0.0415379972)
(0 0.15 0.0415379972)
(0.15 0.15 0.0415379972)
(0 0 0.0553519827)
(0.15 0 0.0553519827)
(0 0.15 0.0553519827)
(0.15 0.15 0.0553519827)
(0 0 0.06914999226)
(0.15 0 0.06914999226)
(0 0.15 0.06914999226)
(0.15 0.15 0.06914999226)
(0 0 0.08293204435)
(0.15 0 0.08293204435)
(0 0.15 0.08293204435)
(0.15 0.15 0.08293204435)
(0 0 0.09669815744)
(0.15 0 0.09669815744)
(0 0.15 0.09669815744)
(0.15 0.15 0.09669815744)
(0 0 0.11044835)
(0.15 0 0.11044835)
(0 0.15 0.11044835)
(0.15 0.15 0.11044835)
(0 0 0.1241826403)
(0.15 0 0.1241826403)
(0 0.15 0.1241826403)
(0.15 0.15 0.1241826403)
(0 0 0.1379010469)
(0.15 0 0.1379010469)
(0 0.15 0.1379010469)
(0.15 0.15 0.1379010469)
(0 0 0.1516035881)
(0.15 0 0.1516035881)
(0 0.15 0.1516035881)
(0.15 0.15 0.1516035881)
(0 0 0.1652902822)
(0.15 0 0.1652902822)
(0 0.15 0.1652902822)
(0.15 0.15 0.1652902822)
(0 0 0.1789611476)
(0.15 0 0.1789611476)
(0 0.15 0.1789611476)
(0.15 0.15 0.1789611476)
(0 0 0.1926162026)
(0.15 0 0.1926162026)
(0 0.15 0.1926162026)
(0.15 0.15 0.1926162026)
(0 0 0.2062554654)
(0.15 0 0.2062554654)
(0 0.15 0.2062554654)
(0.15 0.15 0.2062554654)
(0 0 0.2198789544)
(0.15 0 0.2198789544)
(0 0.15 0.2198789544)
(0.15 0.15 0.2198789544)
(0 0 0.2334866878)
(0.15 0 0.2334866878)
(0 0.15 0.2334866878)
(0.15 0.15 0.2334866878)
(0 0 0.2470786837)
(0.15 0 0.2470786837)
(0 0.15 0.2470786837)
(0.15 0.15 0.2470786837)
(0 0 0.2606549604)
(0.15 0 0.2606549604)
(0 0.15 0.2606549604)
(0.15 0.15 0.2606549604)
(0 0 0.2742155361)
(0.15 0 0.2742155361)
(0 0.15 0.2742155361)
(0.15 0.15 0.2742155361)
(0 0 0.287760429)
(0.15 0 0.287760429)
(0 0.15 0.287760429)
(0.15 0.15 0.287760429)
(0 0 0.3012896571)
(0.15 0 0.3012896571)
(0 0.15 0.3012896571)
(0.15 0.15 0.3012896571)
(0 0 0.3148032386)
(0.15 0 0.3148032386)
(0 0.15 0.3148032386)
(0.15 0.15 0.3148032386)
(0 0 0.3283011915)
(0.15 0 0.3283011915)
(0 0.15 0.3283011915)
(0.15 0.15 0.3283011915)
(0 0 0.3417835341)
(0.15 0 0.3417835341)
(0 0.15 0.3417835341)
(0.15 0.15 0.3417835341)
(0 0 0.3552502842)
(0.15 0 0.3552502842)
(0 0.15 0.3552502842)
(0.15 0.15 0.3552502842)
(0 0 0.36870146)
(0.15 0 0.36870146)
(0 0.15 0.36870146)
(0.15 0.15 0.36870146)
(0 0 0.3821370794)
(0.15 0 0.3821370794)
(0 0.15 0.3821370794)
(0.15 0.15 0.3821370794)
(0 0 0.3955571605)
(0.15 0 0.3955571605)
(0 0.15 0.3955571605)
(0.15 0.15 0.3955571605)
(0 0 0.4089617212)
(0.15 0 0.4089617212)
(0 0.15 0.4089617212)
(0.15 0.15 0.4089617212)
(0 0 0.4223507794)
(0.15 0 0.4223507794)
(0 0.15 0.4223507794)
(0.15 0.15 0.4223507794)
(0 0 0.4357243532)
(0.15 0 0.4357243532)
(0 0.15 0.4357243532)
(0.15 0.15 0.4357243532)
(0 0 0.4490824603)
(0.15 0 0.4490824603)
(0 0.15 0.4490824603)
(0.15 0.15 0.4490824603)
(0 0 0.4624251187)
(0.15 0 0.4624251187)
(0 0.15 0.4624251187)
(0.15 0.15 0.4624251187)
(0 0 0.4757523463)
(0.15 0 0.4757523463)
(0 0.15 0.4757523463)
(0.15 0.15 0.4757523463)
(0 0 0.4890641609)
(0.15 0 0.4890641609)
(0 0.15 0.4890641609)
(0.15 0.15 0.4890641609)
(0 0 0.5023605803)
(0.15 0 0.5023605803)
(0 0.15 0.5023605803)
(0.15 0.15 0.5023605803)
(0 0 0.5156416223)
(0.15 0 0.5156416223)
(0 0.15 0.5156416223)
(0.15 0.15 0.5156416223)
(0 0 0.5289073048)
(0.15 0 0.5289073048)
(0 0.15 0.5289073048)
(0.15 0.15 0.5289073048)
(0 0 0.5421576454)
(0.15 0 0.5421576454)
(0 0.15 0.5421576454)
(0.15 0.15 0.5421576454)
(0 0 0.5553926619)
(0.15 0 0.5553926619)
(0 0.15 0.5553926619)
(0.15 0.15 0.5553926619)
(0 0 0.5686123721)
(0.15 0 0.5686123721)
(0 0.15 0.5686123721)
(0.15 0.15 0.5686123721)
(0 0 0.5818167936)
(0.15 0 0.5818167936)
(0 0.15 0.5818167936)
(0.15 0.15 0.5818167936)
(0 0 0.5950059442)
(0.15 0 0.5950059442)
(0 0.15 0.5950059442)
(0.15 0.15 0.5950059442)
(0 0 0.6081798414)
(0.15 0 0.6081798414)
(0 0.15 0.6081798414)
(0.15 0.15 0.6081798414)
(0 0 0.621338503)
(0.15 0 0.621338503)
(0 0.15 0.621338503)
(0.15 0.15 0.621338503)
(0 0 0.6344819465)
(0.15 0 0.6344819465)
(0 0.15 0.6344819465)
(0.15 0.15 0.6344819465)
(0 0 0.6476101896)
(0.15 0 0.6476101896)
(0 0.15 0.6476101896)
(0.15 0.15 0.6476101896)
(0 0 0.6607232497)
(0.15 0 0.6607232497)
(0 0.15 0.6607232497)
(0.15 0.15 0.6607232497)
(0 0 0.6738211446)
(0.15 0 0.6738211446)
(0 0.15 0.6738211446)
(0.15 0.15 0.6738211446)
(0 0 0.6869038917)
(0.15 0 0.6869038917)
(0 0.15 0.6869038917)
(0.15 0.15 0.6869038917)
(0 0 0.6999715085)
(0.15 0 0.6999715085)
(0 0.15 0.6999715085)
(0.15 0.15 0.6999715085)
(0 0 0.7130240126)
(0.15 0 0.7130240126)
(0 0.15 0.7130240126)
(0.15 0.15 0.7130240126)
(0 0 0.7260614214)
(0.15 0 0.7260614214)
(0 0.15 0.7260614214)
(0.15 0.15 0.7260614214)
(0 0 0.7390837524)
(0.15 0 0.7390837524)
(0 0.15 0.7390837524)
(0.15 0.15 0.7390837524)
(0 0 0.752091023)
(0.15 0 0.752091023)
(0 0.15 0.752091023)
(0.15 0.15 0.752091023)
(0 0 0.7650832506)
(0.15 0 0.7650832506)
(0 0.15 0.7650832506)
(0.15 0.15 0.7650832506)
(0 0 0.7780604526)
(0.15 0 0.7780604526)
(0 0.15 0.7780604526)
(0.15 0.15 0.7780604526)
(0 0 0.7910226465)
(0.15 0 0.7910226465)
(0 0.15 0.7910226465)
(0.15 0.15 0.7910226465)
(0 0 0.8039698495)
(0.15 0 0.8039698495)
(0 0.15 0.8039698495)
(0.15 0.15 0.8039698495)
(0 0 0.816902079)
(0.15 0 0.816902079)
(0 0.15 0.816902079)
(0.15 0.15 0.816902079)
(0 0 0.8298193523)
(0.15 0 0.8298193523)
(0 0.15 0.8298193523)
(0.15 0.15 0.8298193523)
(0 0 0.8427216867)
(0.15 0 0.8427216867)
(0 0.15 0.8427216867)
(0.15 0.15 0.8427216867)
(0 0 0.8556090996)
(0.15 0 0.8556090996)
(0 0.15 0.8556090996)
(0.15 0.15 0.8556090996)
(0 0 0.868481608)
(0.15 0 0.868481608)
(0 0.15 0.868481608)
(0.15 0.15 0.868481608)
(0 0 0.8813392294)
(0.15 0 0.8813392294)
(0 0.15 0.8813392294)
(0.15 0.15 0.8813392294)
(0 0 0.8941819809)
(0.15 0 0.8941819809)
(0 0.15 0.8941819809)
(0.15 0.15 0.8941819809)
(0 0 0.9070098796)
(0.15 0 0.9070098796)
(0 0.15 0.9070098796)
(0.15 0.15 0.9070098796)
(0 0 0.9198229428)
(0.15 0 0.9198229428)
(0 0.15 0.9198229428)
(0.15 0.15 0.9198229428)
(0 0 0.9326211877)
(0.15 0 0.9326211877)
(0 0.15 0.9326211877)
(0.15 0.15 0.9326211877)
(0 0 0.9454046314)
(0.15 0 0.9454046314)
(0 0.15 0.9454046314)
(0.15 0.15 0.9454046314)
(0 0 0.9581732909)
(0.15 0 0.9581732909)
(0 0.15 0.9581732909)
(0.15 0.15 0.9581732909)
(0 0 0.9709271834)
(0.15 0 0.9709271834)
(0 0.15 0.9709271834)
(0.15 0.15 0.9709271834)
(0 0 0.983666326)
(0.15 0 0.983666326)
(0 0.15 0.983666326)
(0.15 0.15 0.983666326)
(0 0 0.9963907357)
(0.15 0 0.9963907357)
(0 0.15 0.9963907357)
(0.15 0.15 0.9963907357)
(0 0 1.00910043)
(0.15 0 1.00910043)
(0 0.15 1.00910043)
(0.15 0.15 1.00910043)
(0 0 1.021795425)
(0.15 0 1.021795425)
(0 0.15 1.021795425)
(0.15 0.15 1.021795425)
(0 0 1.034475738)
(0.15 0 1.034475738)
(0 0.15 1.034475738)
(0.15 0.15 1.034475738)
(0 0 1.047141386)
(0.15 0 1.047141386)
(0 0.15 1.047141386)
(0.15 0.15 1.047141386)
(0 0 1.059792387)
(0.15 0 1.059792387)
(0 0.15 1.059792387)
(0.15 0.15 1.059792387)
(0 0 1.072428756)
(0.15 0 1.072428756)
(0 0.15 1.072428756)
(0.15 0.15 1.072428756)
(0 0 1.085050512)
(0.15 0 1.085050512)
(0 0.15 1.085050512)
(0.15 0.15 1.085050512)
(0 0 1.09765767)
(0.15 0 1.09765767)
(0 0.15 1.09765767)
(0.15 0.15 1.09765767)
(0 0 1.110250248)
(0.15 0 1.110250248)
(0 0.15 1.110250248)
(0.15 0.15 1.110250248)
(0 0 1.122828263)
(0.15 0 1.122828263)
(0 0.15 1.122828263)
(0.15 0.15 1.122828263)
(0 0 1.135391731)
(0.15 0 1.135391731)
(0 0.15 1.135391731)
(0.15 0.15 1.135391731)
(0 0 1.14794067)
(0.15 0 1.14794067)
(0 0.15 1.14794067)
(0.15 0.15 1.14794067)
(0 0 1.160475096)
(0.15 0 1.160475096)
(0 0.15 1.160475096)
(0.15 0.15 1.160475096)
(0 0 1.172995025)
(0.15 0 1.172995025)
(0 0.15 1.172995025)
(0.15 0.15 1.172995025)
(0 0 1.185500475)
(0.15 0 1.185500475)
(0 0.15 1.185500475)
(0.15 0.15 1.185500475)
(0 0 1.197991463)
(0.15 0 1.197991463)
(0 0.15 1.197991463)
(0.15 0.15 1.197991463)
(0 0 1.210468005)
(0.15 0 1.210468005)
(0 0.15 1.210468005)
(0.15 0.15 1.210468005)
(0 0 1.222930117)
(0.15 0 1.222930117)
(0 0.15 1.222930117)
(0.15 0.15 1.222930117)
(0 0 1.235377817)
(0.15 0 1.235377817)
(0 0.15 1.235377817)
(0.15 0.15 1.235377817)
(0 0 1.247811121)
(0.15 0 1.247811121)
(0 0.15 1.247811121)
(0.15 0.15 1.247811121)
(0 0 1.260230046)
(0.15 0 1.260230046)
(0 0.15 1.260230046)
(0.15 0.15 1.260230046)
(0 0 1.272634609)
(0.15 0 1.272634609)
(0 0.15 1.272634609)
(0.15 0.15 1.272634609)
(0 0 1.285024825)
(0.15 0 1.285024825)
(0 0.15 1.285024825)
(0.15 0.15 1.285024825)
(0 0 1.297400712)
(0.15 0 1.297400712)
(0 0.15 1.297400712)
(0.15 0.15 1.297400712)
(0 0 1.309762287)
(0.15 0 1.309762287)
(0 0.15 1.309762287)
(0.15 0.15 1.309762287)
(0 0 1.322109565)
(0.15 0 1.322109565)
(0 0.15 1.322109565)
(0.15 0.15 1.322109565)
(0 0 1.334442564)
(0.15 0 1.334442564)
(0 0.15 1.334442564)
(0.15 0.15 1.334442564)
(0 0 1.346761299)
(0.15 0 1.346761299)
(0 0.15 1.346761299)
(0.15 0.15 1.346761299)
(0 0 1.359065788)
(0.15 0 1.359065788)
(0 0.15 1.359065788)
(0.15 0.15 1.359065788)
(0 0 1.371356046)
(0.15 0 1.371356046)
(0 0.15 1.371356046)
(0.15 0.15 1.371356046)
(0 0 1.383632091)
(0.15 0 1.383632091)
(0 0.15 1.383632091)
(0.15 0.15 1.383632091)
(0 0 1.395893938)
(0.15 0 1.395893938)
(0 0.15 1.395893938)
(0.15 0.15 1.395893938)
(0 0 1.408141605)
(0.15 0 1.408141605)
(0 0.15 1.408141605)
(0.15 0.15 1.408141605)
(0 0 1.420375107)
(0.15 0 1.420375107)
(0 0.15 1.420375107)
(0.15 0.15 1.420375107)
(0 0 1.432594461)
(0.15 0 1.432594461)
(0 0.15 1.432594461)
(0.15 0.15 1.432594461)
(0 0 1.444799683)
(0.15 0 1.444799683)
(0 0.15 1.444799683)
(0.15 0.15 1.444799683)
(0 0 1.45699079)
(0.15 0 1.45699079)
(0 0.15 1.45699079)
(0.15 0.15 1.45699079)
(0 0 1.469167798)
(0.15 0 1.469167798)
(0 0.15 1.469167798)
(0.15 0.15 1.469167798)
(0 0 1.481330723)
(0.15 0 1.481330723)
(0 0.15 1.481330723)
(0.15 0.15 1.481330723)
(0 0 1.493479581)
(0.15 0 1.493479581)
(0 0.15 1.493479581)
(0.15 0.15 1.493479581)
(0 0 1.505614389)
(0.15 0 1.505614389)
(0 0.15 1.505614389)
(0.15 0.15 1.505614389)
(0 0 1.517735164)
(0.15 0 1.517735164)
(0 0.15 1.517735164)
(0.15 0.15 1.517735164)
(0 0 1.52984192)
(0.15 0 1.52984192)
(0 0.15 1.52984192)
(0.15 0.15 1.52984192)
(0 0 1.541934675)
(0.15 0 1.541934675)
(0 0.15 1.541934675)
(0.15 0.15 1.541934675)
(0 0 1.554013445)
(0.15 0 1.554013445)
(0 0.15 1.554013445)
(0.15 0.15 1.554013445)
(0 0 1.566078246)
(0.15 0 1.566078246)
(0 0.15 1.566078246)
(0.15 0.15 1.566078246)
(0 0 1.578129093)
(0.15 0 1.578129093)
(0 0.15 1.578129093)
(0.15 0.15 1.578129093)
(0 0 1.590166004)
(0.15 0 1.590166004)
(0 0.15 1.590166004)
(0.15 0.15 1.590166004)
(0 0 1.602188994)
(0.15 0 1.602188994)
(0 0.15 1.602188994)
(0.15 0.15 1.602188994)
(0 0 1.614198079)
(0.15 0 1.614198079)
(0 0.15 1.614198079)
(0.15 0.15 1.614198079)
(0 0 1.626193276)
(0.15 0 1.626193276)
(0 0.15 1.626193276)
(0.15 0.15 1.626193276)
(0 0 1.6381746)
(0.15 0 1.6381746)
(0 0.15 1.6381746)
(0.15 0.15 1.6381746)
(0 0 1.650142068)
(0.15 0 1.650142068)
(0 0.15 1.650142068)
(0.15 0.15 1.650142068)
(0 0 1.662095696)
(0.15 0 1.662095696)
(0 0.15 1.662095696)
(0.15 0.15 1.662095696)
(0 0 1.674035499)
(0.15 0 1.674035499)
(0 0.15 1.674035499)
(0.15 0.15 1.674035499)
(0 0 1.685961493)
(0.15 0 1.685961493)
(0 0.15 1.685961493)
(0.15 0.15 1.685961493)
(0 0 1.697873695)
(0.15 0 1.697873695)
(0 0.15 1.697873695)
(0.15 0.15 1.697873695)
(0 0 1.709772121)
(0.15 0 1.709772121)
(0 0.15 1.709772121)
(0.15 0.15 1.709772121)
(0 0 1.721656786)
(0.15 0 1.721656786)
(0 0.15 1.721656786)
(0.15 0.15 1.721656786)
(0 0 1.733527706)
(0.15 0 1.733527706)
(0 0.15 1.733527706)
(0.15 0.15 1.733527706)
(0 0 1.745384898)
(0.15 0 1.745384898)
(0 0.15 1.745384898)
(0.15 0.15 1.745384898)
(0 0 1.757228376)
(0.15 0 1.757228376)
(0 0.15 1.757228376)
(0.15 0.15 1.757228376)
(0 0 1.769058158)
(0.15 0 1.769058158)
(0 0.15 1.769058158)
(0.15 0.15 1.769058158)
(0 0 1.780874258)
(0.15 0 1.780874258)
(0 0.15 1.780874258)
(0.15 0.15 1.780874258)
(0 0 1.792676693)
(0.15 0 1.792676693)
(0 0.15 1.792676693)
(0.15 0.15 1.792676693)
(0 0 1.804465479)
(0.15 0 1.804465479)
(0 0.15 1.804465479)
(0.15 0.15 1.804465479)
(0 0 1.81624063)
(0.15 0 1.81624063)
(0 0.15 1.81624063)
(0.15 0.15 1.81624063)
(0 0 1.828002164)
(0.15 0 1.828002164)
(0 0.15 1.828002164)
(0.15 0.15 1.828002164)
(0 0 1.839750095)
(0.15 0 1.839750095)
(0 0.15 1.839750095)
(0.15 0.15 1.839750095)
(0 0 1.85148444)
(0.15 0 1.85148444)
(0 0.15 1.85148444)
(0.15 0.15 1.85148444)
(0 0 1.863205214)
(0.15 0 1.863205214)
(0 0.15 1.863205214)
(0.15 0.15 1.863205214)
(0 0 1.874912433)
(0.15 0 1.874912433)
(0 0.15 1.874912433)
(0.15 0.15 1.874912433)
(0 0 1.886606112)
(0.15 0 1.886606112)
(0 0.15 1.886606112)
(0.15 0.15 1.886606112)
(0 0 1.898286268)
(0.15 0 1.898286268)
(0 0.15 1.898286268)
(0.15 0.15 1.898286268)
(0 0 1.909952916)
(0.15 0 1.909952916)
(0 0.15 1.909952916)
(0.15 0.15 1.909952916)
(0 0 1.92160607)
(0.15 0 1.92160607)
(0 0.15 1.92160607)
(0.15 0.15 1.92160607)
(0 0 1.933245748)
(0.15 0 1.933245748)
(0 0.15 1.933245748)
(0.15 0.15 1.933245748)
(0 0 1.944871965)
(0.15 0 1.944871965)
(0 0.15 1.944871965)
(0.15 0.15 1.944871965)
(0 0 1.956484736)
(0.15 0 1.956484736)
(0 0.15 1.956484736)
(0.15 0.15 1.956484736)
(0 0 1.968084077)
(0.15 0 1.968084077)
(0 0.15 1.968084077)
(0.15 0.15 1.968084077)
(0 0 1.979670003)
(0.15 0 1.979670003)
(0 0.15 1.979670003)
(0.15 0.15 1.979670003)
(0 0 1.99124253)
(0.15 0 1.99124253)
(0 0.15 1.99124253)
(0.15 0.15 1.99124253)
(0 0 2.002801673)
(0.15 0 2.002801673)
(0 0.15 2.002801673)
(0.15 0.15 2.002801673)
(0 0 2.014347448)
(0.15 0 2.014347448)
(0 0.15 2.014347448)
(0.15 0.15 2.014347448)
(0 0 2.02587987)
(0.15 0 2.02587987)
(0 0.15 2.02587987)
(0.15 0.15 2.02587987)
(0 0 2.037398955)
(0.15 0 2.037398955)
(0 0.15 2.037398955)
(0.15 0.15 2.037398955)
(0 0 2.048904718)
(0.15 0 2.048904718)
(0 0.15 2.048904718)
(0.15 0.15 2.048904718)
(0 0 2.060397174)
(0.15 0 2.060397174)
(0 0.15 2.060397174)
(0.15 0.15 2.060397174)
(0 0 2.07187634)
(0.15 0 2.07187634)
(0 0.15 2.07187634)
(0.15 0.15 2.07187634)
(0 0 2.083342229)
(0.15 0 2.083342229)
(0 0.15 2.083342229)
(0.15 0.15 2.083342229)
(0 0 2.094794859)
(0.15 0 2.094794859)
(0 0.15 2.094794859)
(0.15 0.15 2.094794859)
(0 0 2.106234243)
(0.15 0 2.106234243)
(0 0.15 2.106234243)
(0.15 0.15 2.106234243)
(0 0 2.117660398)
(0.15 0 2.117660398)
(0 0.15 2.117660398)
(0.15 0.15 2.117660398)
(0 0 2.129073338)
(0.15 0 2.129073338)
(0 0.15 2.129073338)
(0.15 0.15 2.129073338)
(0 0 2.140473079)
(0.15 0 2.140473079)
(0 0.15 2.140473079)
(0.15 0.15 2.140473079)
(0 0 2.151859637)
(0.15 0 2.151859637)
(0 0.15 2.151859637)
(0.15 0.15 2.151859637)
(0 0 2.163233025)
(0.15 0 2.163233025)
(0 0.15 2.163233025)
(0.15 0.15 2.163233025)
(0 0 2.174593261)
(0.15 0 2.174593261)
(0 0.15 2.174593261)
(0.15 0.15 2.174593261)
(0 0 2.185940358)
(0.15 0 2.185940358)
(0 0.15 2.185940358)
(0.15 0.15 2.185940358)
(0 0 2.197274332)
(0.15 0 2.197274332)
(0 0.15 2.197274332)
(0.15 0.15 2.197274332)
(0 0 2.208595198)
(0.15 0 2.208595198)
(0 0.15 2.208595198)
(0.15 0.15 2.208595198)
(0 0 2.219902972)
(0.15 0 2.219902972)
(0 0.15 2.219902972)
(0.15 0.15 2.219902972)
(0 0 2.231197668)
(0.15 0 2.231197668)
(0 0.15 2.231197668)
(0.15 0.15 2.231197668)
(0 0 2.242479302)
(0.15 0 2.242479302)
(0 0.15 2.242479302)
(0.15 0.15 2.242479302)
(0 0 2.253747889)
(0.15 0 2.253747889)
(0 0.15 2.253747889)
(0.15 0.15 2.253747889)
(0 0 2.265003443)
(0.15 0 2.265003443)
(0 0.15 2.265003443)
(0.15 0.15 2.265003443)
(0 0 2.276245981)
(0.15 0 2.276245981)
(0 0.15 2.276245981)
(0.15 0.15 2.276245981)
(0 0 2.287475516)
(0.15 0 2.287475516)
(0 0.15 2.287475516)
(0.15 0.15 2.287475516)
(0 0 2.298692064)
(0.15 0 2.298692064)
(0 0.15 2.298692064)
(0.15 0.15 2.298692064)
(0 0 2.309895641)
(0.15 0 2.309895641)
(0 0.15 2.309895641)
(0.15 0.15 2.309895641)
(0 0 2.32108626)
(0.15 0 2.32108626)
(0 0.15 2.32108626)
(0.15 0.15 2.32108626)
(0 0 2.332263937)
(0.15 0 2.332263937)
(0 0.15 2.332263937)
(0.15 0.15 2.332263937)
(0 0 2.343428687)
(0.15 0 2.343428687)
(0 0.15 2.343428687)
(0.15 0.15 2.343428687)
(0 0 2.354580526)
(0.15 0 2.354580526)
(0 0.15 2.354580526)
(0.15 0.15 2.354580526)
(0 0 2.365719467)
(0.15 0 2.365719467)
(0 0.15 2.365719467)
(0.15 0.15 2.365719467)
(0 0 2.376845525)
(0.15 0 2.376845525)
(0 0.15 2.376845525)
(0.15 0.15 2.376845525)
(0 0 2.387958717)
(0.15 0 2.387958717)
(0 0.15 2.387958717)
(0.15 0.15 2.387958717)
(0 0 2.399059056)
(0.15 0 2.399059056)
(0 0.15 2.399059056)
(0.15 0.15 2.399059056)
(0 0 2.410146557)
(0.15 0 2.410146557)
(0 0.15 2.410146557)
(0.15 0.15 2.410146557)
(0 0 2.421221236)
(0.15 0 2.421221236)
(0 0.15 2.421221236)
(0.15 0.15 2.421221236)
(0 0 2.432283107)
(0.15 0 2.432283107)
(0 0.15 2.432283107)
(0.15 0.15 2.432283107)
(0 0 2.443332184)
(0.15 0 2.443332184)
(0 0.15 2.443332184)
(0.15 0.15 2.443332184)
(0 0 2.454368484)
(0.15 0 2.454368484)
(0 0.15 2.454368484)
(0.15 0.15 2.454368484)
(0 0 2.46539202)
(0.15 0 2.46539202)
(0 0.15 2.46539202)
(0.15 0.15 2.46539202)
(0 0 2.476402807)
(0.15 0 2.476402807)
(0 0.15 2.476402807)
(0.15 0.15 2.476402807)
(0 0 2.48740086)
(0.15 0 2.48740086)
(0 0.15 2.48740086)
(0.15 0.15 2.48740086)
(0 0 2.498386193)
(0.15 0 2.498386193)
(0 0.15 2.498386193)
(0.15 0.15 2.498386193)
(0 0 2.509358822)
(0.15 0 2.509358822)
(0 0.15 2.509358822)
(0.15 0.15 2.509358822)
(0 0 2.520318762)
(0.15 0 2.520318762)
(0 0.15 2.520318762)
(0.15 0.15 2.520318762)
(0 0 2.531266026)
(0.15 0 2.531266026)
(0 0.15 2.531266026)
(0.15 0.15 2.531266026)
(0 0 2.542200629)
(0.15 0 2.542200629)
(0 0.15 2.542200629)
(0.15 0.15 2.542200629)
(0 0 2.553122587)
(0.15 0 2.553122587)
(0 0.15 2.553122587)
(0.15 0.15 2.553122587)
(0 0 2.564031913)
(0.15 0 2.564031913)
(0 0.15 2.564031913)
(0.15 0.15 2.564031913)
(0 0 2.574928622)
(0.15 0 2.574928622)
(0 0.15 2.574928622)
(0.15 0.15 2.574928622)
(0 0 2.58581273)
(0.15 0 2.58581273)
(0 0.15 2.58581273)
(0.15 0.15 2.58581273)
(0 0 2.59668425)
(0.15 0 2.59668425)
(0 0.15 2.59668425)
(0.15 0.15 2.59668425)
(0 0 2.607543197)
(0.15 0 2.607543197)
(0 0.15 2.607543197)
(0.15 0.15 2.607543197)
(0 0 2.618389585)
(0.15 0 2.618389585)
(0 0.15 2.618389585)
(0.15 0.15 2.618389585)
(0 0 2.62922343)
(0.15 0 2.62922343)
(0 0.15 2.62922343)
(0.15 0.15 2.62922343)
(0 0 2.640044745)
(0.15 0 2.640044745)
(0 0.15 2.640044745)
(0.15 0.15 2.640044745)
(0 0 2.650853545)
(0.15 0 2.650853545)
(0 0.15 2.650853545)
(0.15 0.15 2.650853545)
(0 0 2.661649845)
(0.15 0 2.661649845)
(0 0.15 2.661649845)
(0.15 0.15 2.661649845)
(0 0 2.672433659)
(0.15 0 2.672433659)
(0 0.15 2.672433659)
(0.15 0.15 2.672433659)
(0 0 2.683205002)
(0.15 0 2.683205002)
(0 0.15 2.683205002)
(0.15 0.15 2.683205002)
(0 0 2.693963887)
(0.15 0 2.693963887)
(0 0.15 2.693963887)
(0.15 0.15 2.693963887)
(0 0 2.70471033)
(0.15 0 2.70471033)
(0 0.15 2.70471033)
(0.15 0.15 2.70471033)
(0 0 2.715444344)
(0.15 0 2.715444344)
(0 0.15 2.715444344)
(0.15 0.15 2.715444344)
(0 0 2.726165944)
(0.15 0 2.726165944)
(0 0.15 2.726165944)
(0.15 0.15 2.726165944)
(0 0 2.736875145)
(0.15 0 2.736875145)
(0 0.15 2.736875145)
(0.15 0.15 2.736875145)
(0 0 2.747571961)
(0.15 0 2.747571961)
(0 0.15 2.747571961)
(0.15 0.15 2.747571961)
(0 0 2.758256405)
(0.15 0 2.758256405)
(0 0.15 2.758256405)
(0.15 0.15 2.758256405)
(0 0 2.768928493)
(0.15 0 2.768928493)
(0 0.15 2.768928493)
(0.15 0.15 2.768928493)
(0 0 2.779588239)
(0.15 0 2.779588239)
(0 0.15 2.779588239)
(0.15 0.15 2.779588239)
(0 0 2.790235656)
(0.15 0 2.790235656)
(0 0.15 2.790235656)
(0.15 0.15 2.790235656)
(0 0 2.80087076)
(0.15 0 2.80087076)
(0 0.15 2.80087076)
(0.15 0.15 2.80087076)
(0 0 2.811493565)
(0.15 0 2.811493565)
(0 0.15 2.811493565)
(0.15 0.15 2.811493565)
(0 0 2.822104084)
(0.15 0 2.822104084)
(0 0.15 2.822104084)
(0.15 0.15 2.822104084)
(0 0 2.832702332)
(0.15 0 2.832702332)
(0 0.15 2.832702332)
(0.15 0.15 2.832702332)
(0 0 2.843288322)
(0.15 0 2.843288322)
(0 0.15 2.843288322)
(0.15 0.15 2.843288322)
(0 0 2.853862071)
(0.15 0 2.853862071)
(0 0.15 2.853862071)
(0.15 0.15 2.853862071)
(0 0 2.86442359)
(0.15 0 2.86442359)
(0 0.15 2.86442359)
(0.15 0.15 2.86442359)
(0 0 2.874972895)
(0.15 0 2.874972895)
(0 0.15 2.874972895)
(0.15 0.15 2.874972895)
(0 0 2.88551)
(0.15 0 2.88551)
(0 0.15 2.88551)
(0.15 0.15 2.88551)
(0 0 2.896034919)
(0.15 0 2.896034919)
(0 0.15 2.896034919)
(0.15 0.15 2.896034919)
(0 0 2.906547665)
(0.15 0 2.906547665)
(0 0.15 2.906547665)
(0.15 0.15 2.906547665)
(0 0 2.917048254)
(0.15 0 2.917048254)
(0 0.15 2.917048254)
(0.15 0.15 2.917048254)
(0 0 2.927536698)
(0.15 0 2.927536698)
(0 0.15 2.927536698)
(0.15 0.15 2.927536698)
(0 0 2.938013013)
(0.15 0 2.938013013)
(0 0.15 2.938013013)
(0.15 0.15 2.938013013)
(0 0 2.948477212)
(0.15 0 2.948477212)
(0 0.15 2.948477212)
(0.15 0.15 2.948477212)
(0 0 2.958929308)
(0.15 0 2.958929308)
(0 0.15 2.958929308)
(0.15 0.15 2.958929308)
(0 0 2.969369317)
(0.15 0 2.969369317)
(0 0.15 2.969369317)
(0.15 0.15 2.969369317)
(0 0 2.979797252)
(0.15 0 2.979797252)
(0 0.15 2.979797252)
(0.15 0.15 2.979797252)
(0 0 2.990213127)
(0.15 0 2.990213127)
(0 0.15 2.990213127)
(0.15 0.15 2.990213127)
(0 0 3.000616956)
(0.15 0 3.000616956)
(0 0.15 3.000616956)
(0.15 0.15 3.000616956)
(0 0 3.011008753)
(0.15 0 3.011008753)
(0 0.15 3.011008753)
(0.15 0.15 3.011008753)
(0 0 3.021388532)
(0.15 0 3.021388532)
(0 0.15 3.021388532)
(0.15 0.15 3.021388532)
(0 0 3.031756306)
(0.15 0 3.031756306)
(0 0.15 3.031756306)
(0.15 0.15 3.031756306)
(0 0 3.04211209)
(0.15 0 3.04211209)
(0 0.15 3.04211209)
(0.15 0.15 3.04211209)
(0 0 3.052455898)
(0.15 0 3.052455898)
(0 0.15 3.052455898)
(0.15 0.15 3.052455898)
(0 0 3.062787743)
(0.15 0 3.062787743)
(0 0.15 3.062787743)
(0.15 0.15 3.062787743)
(0 0 3.073107639)
(0.15 0 3.073107639)
(0 0.15 3.073107639)
(0.15 0.15 3.073107639)
(0 0 3.0834156)
(0.15 0 3.0834156)
(0 0.15 3.0834156)
(0.15 0.15 3.0834156)
(0 0 3.09371164)
(0.15 0 3.09371164)
(0 0.15 3.09371164)
(0.15 0.15 3.09371164)
(0 0 3.103995772)
(0.15 0 3.103995772)
(0 0.15 3.103995772)
(0.15 0.15 3.103995772)
(0 0 3.114268011)
(0.15 0 3.114268011)
(0 0.15 3.114268011)
(0.15 0.15 3.114268011)
(0 0 3.12452837)
(0.15 0 3.12452837)
(0 0.15 3.12452837)
(0.15 0.15 3.12452837)
(0 0 3.134776863)
(0.15 0 3.134776863)
(0 0.15 3.134776863)
(0.15 0.15 3.134776863)
(0 0 3.145013503)
(0.15 0 3.145013503)
(0 0.15 3.145013503)
(0.15 0.15 3.145013503)
(0 0 3.155238305)
(0.15 0 3.155238305)
(0 0.15 3.155238305)
(0.15 0.15 3.155238305)
(0 0 3.165451281)
(0.15 0 3.165451281)
(0 0.15 3.165451281)
(0.15 0.15 3.165451281)
(0 0 3.175652447)
(0.15 0 3.175652447)
(0 0.15 3.175652447)
(0.15 0.15 3.175652447)
(0 0 3.185841814)
(0.15 0 3.185841814)
(0 0.15 3.185841814)
(0.15 0.15 3.185841814)
(0 0 3.196019398)
(0.15 0 3.196019398)
(0 0.15 3.196019398)
(0.15 0.15 3.196019398)
(0 0 3.206185211)
(0.15 0 3.206185211)
(0 0.15 3.206185211)
(0.15 0.15 3.206185211)
(0 0 3.216339267)
(0.15 0 3.216339267)
(0 0.15 3.216339267)
(0.15 0.15 3.216339267)
(0 0 3.22648158)
(0.15 0 3.22648158)
(0 0.15 3.22648158)
(0.15 0.15 3.22648158)
(0 0 3.236612163)
(0.15 0 3.236612163)
(0 0.15 3.236612163)
(0.15 0.15 3.236612163)
(0 0 3.246731031)
(0.15 0 3.246731031)
(0 0.15 3.246731031)
(0.15 0.15 3.246731031)
(0 0 3.256838196)
(0.15 0 3.256838196)
(0 0.15 3.256838196)
(0.15 0.15 3.256838196)
(0 0 3.266933672)
(0.15 0 3.266933672)
(0 0.15 3.266933672)
(0.15 0.15 3.266933672)
(0 0 3.277017472)
(0.15 0 3.277017472)
(0 0.15 3.277017472)
(0.15 0.15 3.277017472)
(0 0 3.28708961)
(0.15 0 3.28708961)
(0 0.15 3.28708961)
(0.15 0.15 3.28708961)
(0 0 3.2971501)
(0.15 0 3.2971501)
(0 0.15 3.2971501)
(0.15 0.15 3.2971501)
(0 0 3.307198955)
(0.15 0 3.307198955)
(0 0.15 3.307198955)
(0.15 0.15 3.307198955)
(0 0 3.317236189)
(0.15 0 3.317236189)
(0 0.15 3.317236189)
(0.15 0.15 3.317236189)
(0 0 3.327261814)
(0.15 0 3.327261814)
(0 0.15 3.327261814)
(0.15 0.15 3.327261814)
(0 0 3.337275844)
(0.15 0 3.337275844)
(0 0.15 3.337275844)
(0.15 0.15 3.337275844)
(0 0 3.347278294)
(0.15 0 3.347278294)
(0 0.15 3.347278294)
(0.15 0.15 3.347278294)
(0 0 3.357269175)
(0.15 0 3.357269175)
(0 0.15 3.357269175)
(0.15 0.15 3.357269175)
(0 0 3.367248502)
(0.15 0 3.367248502)
(0 0.15 3.367248502)
(0.15 0.15 3.367248502)
(0 0 3.377216288)
(0.15 0 3.377216288)
(0 0.15 3.377216288)
(0.15 0.15 3.377216288)
(0 0 3.387172546)
(0.15 0 3.387172546)
(0 0.15 3.387172546)
(0.15 0.15 3.387172546)
(0 0 3.39711729)
(0.15 0 3.39711729)
(0 0.15 3.39711729)
(0.15 0.15 3.39711729)
(0 0 3.407050532)
(0.15 0 3.407050532)
(0 0.15 3.407050532)
(0.15 0.15 3.407050532)
(0 0 3.416972287)
(0.15 0 3.416972287)
(0 0.15 3.416972287)
(0.15 0.15 3.416972287)
(0 0 3.426882567)
(0.15 0 3.426882567)
(0 0.15 3.426882567)
(0.15 0.15 3.426882567)
(0 0 3.436781385)
(0.15 0 3.436781385)
(0 0.15 3.436781385)
(0.15 0.15 3.436781385)
(0 0 3.446668756)
(0.15 0 3.446668756)
(0 0.15 3.446668756)
(0.15 0.15 3.446668756)
(0 0 3.456544692)
(0.15 0 3.456544692)
(0 0.15 3.456544692)
(0.15 0.15 3.456544692)
(0 0 3.466409206)
(0.15 0 3.466409206)
(0 0.15 3.466409206)
(0.15 0.15 3.466409206)
(0 0 3.476262312)
(0.15 0 3.476262312)
(0 0.15 3.476262312)
(0.15 0.15 3.476262312)
(0 0 3.486104023)
(0.15 0 3.486104023)
(0 0.15 3.486104023)
(0.15 0.15 3.486104023)
(0 0 3.495934352)
(0.15 0 3.495934352)
(0 0.15 3.495934352)
(0.15 0.15 3.495934352)
(0 0 3.505753312)
(0.15 0 3.505753312)
(0 0.15 3.505753312)
(0.15 0.15 3.505753312)
(0 0 3.515560916)
(0.15 0 3.515560916)
(0 0.15 3.515560916)
(0.15 0.15 3.515560916)
(0 0 3.525357178)
(0.15 0 3.525357178)
(0 0.15 3.525357178)
(0.15 0.15 3.525357178)
(0 0 3.535142111)
(0.15 0 3.535142111)
(0 0.15 3.535142111)
(0.15 0.15 3.535142111)
(0 0 3.544915727)
(0.15 0 3.544915727)
(0 0.15 3.544915727)
(0.15 0.15 3.544915727)
(0 0 3.554678039)
(0.15 0 3.554678039)
(0 0.15 3.554678039)
(0.15 0.15 3.554678039)
(0 0 3.564429062)
(0.15 0 3.564429062)
(0 0.15 3.564429062)
(0.15 0.15 3.564429062)
(0 0 3.574168808)
(0.15 0 3.574168808)
(0 0.15 3.574168808)
(0.15 0.15 3.574168808)
(0 0 3.583897289)
(0.15 0 3.583897289)
(0 0.15 3.583897289)
(0.15 0.15 3.583897289)
(0 0 3.59361452)
(0.15 0 3.59361452)
(0 0.15 3.59361452)
(0.15 0.15 3.59361452)
(0 0 3.603320512)
(0.15 0 3.603320512)
(0 0.15 3.603320512)
(0.15 0.15 3.603320512)
(0 0 3.61301528)
(0.15 0 3.61301528)
(0 0.15 3.61301528)
(0.15 0.15 3.61301528)
(0 0 3.622698835)
(0.15 0 3.622698835)
(0 0.15 3.622698835)
(0.15 0.15 3.622698835)
(0 0 3.632371191)
(0.15 0 3.632371191)
(0 0.15 3.632371191)
(0.15 0.15 3.632371191)
(0 0 3.642032361)
(0.15 0 3.642032361)
(0 0.15 3.642032361)
(0.15 0.15 3.642032361)
(0 0 3.651682358)
(0.15 0 3.651682358)
(0 0.15 3.651682358)
(0.15 0.15 3.651682358)
(0 0 3.661321195)
(0.15 0 3.661321195)
(0 0.15 3.661321195)
(0.15 0.15 3.661321195)
(0 0 3.670948885)
(0.15 0 3.670948885)
(0 0.15 3.670948885)
(0.15 0.15 3.670948885)
(0 0 3.680565439)
(0.15 0 3.680565439)
(0 0.15 3.680565439)
(0.15 0.15 3.680565439)
(0 0 3.690170873)
(0.15 0 3.690170873)
(0 0.15 3.690170873)
(0.15 0.15 3.690170873)
(0 0 3.699765197)
(0.15 0 3.699765197)
(0 0.15 3.699765197)
(0.15 0.15 3.699765197)
(0 0 3.709348426)
(0.15 0 3.709348426)
(0 0.15 3.709348426)
(0.15 0.15 3.709348426)
(0 0 3.718920572)
(0.15 0 3.718920572)
(0 0.15 3.718920572)
(0.15 0.15 3.718920572)
(0 0 3.728481647)
(0.15 0 3.728481647)
(0 0.15 3.728481647)
(0.15 0.15 3.728481647)
(0 0 3.738031665)
(0.15 0 3.738031665)
(0 0.15 3.738031665)
(0.15 0.15 3.738031665)
(0 0 3.747570639)
(0.15 0 3.747570639)
(0 0.15 3.747570639)
(0.15 0.15 3.747570639)
(0 0 3.75709858)
(0.15 0 3.75709858)
(0 0.15 3.75709858)
(0.15 0.15 3.75709858)
(0 0 3.766615502)
(0.15 0 3.766615502)
(0 0.15 3.766615502)
(0.15 0.15 3.766615502)
(0 0 3.776121418)
(0.15 0 3.776121418)
(0 0.15 3.776121418)
(0.15 0.15 3.776121418)
(0 0 3.785616341)
(0.15 0 3.785616341)
(0 0.15 3.785616341)
(0.15 0.15 3.785616341)
(0 0 3.795100282)
(0.15 0 3.795100282)
(0 0.15 3.795100282)
(0.15 0.15 3.795100282)
(0 0 3.804573255)
(0.15 0 3.804573255)
(0 0.15 3.804573255)
(0.15 0.15 3.804573255)
(0 0 3.814035273)
(0.15 0 3.814035273)
(0 0.15 3.814035273)
(0.15 0.15 3.814035273)
(0 0 3.823486348)
(0.15 0 3.823486348)
(0 0.15 3.823486348)
(0.15 0.15 3.823486348)
(0 0 3.832926493)
(0.15 0 3.832926493)
(0 0.15 3.832926493)
(0.15 0.15 3.832926493)
(0 0 3.84235572)
(0.15 0 3.84235572)
(0 0.15 3.84235572)
(0.15 0.15 3.84235572)
(0 0 3.851774042)
(0.15 0 3.851774042)
(0 0.15 3.851774042)
(0.15 0.15 3.851774042)
(0 0 3.861181472)
(0.15 0 3.861181472)
(0 0.15 3.861181472)
(0.15 0.15 3.861181472)
(0 0 3.870578022)
(0.15 0 3.870578022)
(0 0.15 3.870578022)
(0.15 0.15 3.870578022)
(0 0 3.879963704)
(0.15 0 3.879963704)
(0 0.15 3.879963704)
(0.15 0.15 3.879963704)
(0 0 3.889338533)
(0.15 0 3.889338533)
(0 0.15 3.889338533)
(0.15 0.15 3.889338533)
(0 0 3.898702519)
(0.15 0 3.898702519)
(0 0.15 3.898702519)
(0.15 0.15 3.898702519)
(0 0 3.908055676)
(0.15 0 3.908055676)
(0 0.15 3.908055676)
(0.15 0.15 3.908055676)
(0 0 3.917398016)
(0.15 0 3.917398016)
(0 0.15 3.917398016)
(0.15 0.15 3.917398016)
(0 0 3.926729551)
(0.15 0 3.926729551)
(0 0.15 3.926729551)
(0.15 0.15 3.926729551)
(0 0 3.936050294)
(0.15 0 3.936050294)
(0 0.15 3.936050294)
(0.15 0.15 3.936050294)
(0 0 3.945360258)
(0.15 0 3.945360258)
(0 0.15 3.945360258)
(0.15 0.15 3.945360258)
(0 0 3.954659455)
(0.15 0 3.954659455)
(0 0.15 3.954659455)
(0.15 0.15 3.954659455)
(0 0 3.963947897)
(0.15 0 3.963947897)
(0 0.15 3.963947897)
(0.15 0.15 3.963947897)
(0 0 3.973225598)
(0.15 0 3.973225598)
(0 0.15 3.973225598)
(0.15 0.15 3.973225598)
(0 0 3.982492568)
(0.15 0 3.982492568)
(0 0.15 3.982492568)
(0.15 0.15 3.982492568)
(0 0 3.991748821)
(0.15 0 3.991748821)
(0 0.15 3.991748821)
(0.15 0.15 3.991748821)
(0 0 4.000994369)
(0.15 0 4.000994369)
(0 0.15 4.000994369)
(0.15 0.15 4.000994369)
(0 0 4.010229225)
(0.15 0 4.010229225)
(0 0.15 4.010229225)
(0.15 0.15 4.010229225)
(0 0 4.019453401)
(0.15 0 4.019453401)
(0 0.15 4.019453401)
(0.15 0.15 4.019453401)
(0 0 4.028666909)
(0.15 0 4.028666909)
(0 0.15 4.028666909)
(0.15 0.15 4.028666909)
(0 0 4.037869761)
(0.15 0 4.037869761)
(0 0.15 4.037869761)
(0.15 0.15 4.037869761)
(0 0 4.04706197)
(0.15 0 4.04706197)
(0 0.15 4.04706197)
(0.15 0.15 4.04706197)
(0 0 4.056243549)
(0.15 0 4.056243549)
(0 0.15 4.056243549)
(0.15 0.15 4.056243549)
(0 0 4.065414508)
(0.15 0 4.065414508)
(0 0.15 4.065414508)
(0.15 0.15 4.065414508)
(0 0 4.074574862)
(0.15 0 4.074574862)
(0 0.15 4.074574862)
(0.15 0.15 4.074574862)
(0 0 4.083724622)
(0.15 0 4.083724622)
(0 0.15 4.083724622)
(0.15 0.15 4.083724622)
(0 0 4.092863799)
(0.15 0 4.092863799)
(0 0.15 4.092863799)
(0.15 0.15 4.092863799)
(0 0 4.101992408)
(0.15 0 4.101992408)
(0 0.15 4.101992408)
(0.15 0.15 4.101992408)
(0 0 4.111110459)
(0.15 0 4.111110459)
(0 0.15 4.111110459)
(0.15 0.15 4.111110459)
(0 0 4.120217965)
(0.15 0 4.120217965)
(0 0.15 4.120217965)
(0.15 0.15 4.120217965)
(0 0 4.129314938)
(0.15 0 4.129314938)
(0 0.15 4.129314938)
(0.15 0.15 4.129314938)
(0 0 4.13840139)
(0.15 0 4.13840139)
(0 0.15 4.13840139)
(0.15 0.15 4.13840139)
(0 0 4.147477334)
(0.15 0 4.147477334)
(0 0.15 4.147477334)
(0.15 0.15 4.147477334)
(0 0 4.156542782)
(0.15 0 4.156542782)
(0 0.15 4.156542782)
(0.15 0.15 4.156542782)
(0 0 4.165597745)
(0.15 0 4.165597745)
(0 0.15 4.165597745)
(0.15 0.15 4.165597745)
(0 0 4.174642236)
(0.15 0 4.174642236)
(0 0.15 4.174642236)
(0.15 0.15 4.174642236)
(0 0 4.183676267)
(0.15 0 4.183676267)
(0 0.15 4.183676267)
(0.15 0.15 4.183676267)
(0 0 4.192699851)
(0.15 0 4.192699851)
(0 0.15 4.192699851)
(0.15 0.15 4.192699851)
(0 0 4.201712998)
(0.15 0 4.201712998)
(0 0.15 4.201712998)
(0.15 0.15 4.201712998)
(0 0 4.210715722)
(0.15 0 4.210715722)
(0 0.15 4.210715722)
(0.15 0.15 4.210715722)
(0 0 4.219708034)
(0.15 0 4.219708034)
(0 0.15 4.219708034)
(0.15 0.15 4.219708034)
(0 0 4.228689946)
(0.15 0 4.228689946)
(0 0.15 4.228689946)
(0.15 0.15 4.228689946)
(0 0 4.237661471)
(0.15 0 4.237661471)
(0 0.15 4.237661471)
(0.15 0.15 4.237661471)
(0 0 4.24662262)
(0.15 0 4.24662262)
(0 0.15 4.24662262)
(0.15 0.15 4.24662262)
(0 0 4.255573406)
(0.15 0 4.255573406)
(0 0.15 4.255573406)
(0.15 0.15 4.255573406)
(0 0 4.26451384)
(0.15 0 4.26451384)
(0 0.15 4.26451384)
(0.15 0.15 4.26451384)
(0 0 4.273443934)
(0.15 0 4.273443934)
(0 0.15 4.273443934)
(0.15 0.15 4.273443934)
(0 0 4.282363701)
(0.15 0 4.282363701)
(0 0.15 4.282363701)
(0.15 0.15 4.282363701)
(0 0 4.291273151)
(0.15 0 4.291273151)
(0 0.15 4.291273151)
(0.15 0.15 4.291273151)
(0 0 4.300172298)
(0.15 0 4.300172298)
(0 0.15 4.300172298)
(0.15 0.15 4.300172298)
(0 0 4.309061154)
(0.15 0 4.309061154)
(0 0.15 4.309061154)
(0.15 0.15 4.309061154)
(0 0 4.317939729)
(0.15 0 4.317939729)
(0 0.15 4.317939729)
(0.15 0.15 4.317939729)
(0 0 4.326808036)
(0.15 0 4.326808036)
(0 0.15 4.326808036)
(0.15 0.15 4.326808036)
(0 0 4.335666086)
(0.15 0 4.335666086)
(0 0.15 4.335666086)
(0.15 0.15 4.335666086)
(0 0 4.344513893)
(0.15 0 4.344513893)
(0 0.15 4.344513893)
(0.15 0.15 4.344513893)
(0 0 4.353351467)
(0.15 0 4.353351467)
(0 0.15 4.353351467)
(0.15 0.15 4.353351467)
(0 0 4.36217882)
(0.15 0 4.36217882)
(0 0.15 4.36217882)
(0.15 0.15 4.36217882)
(0 0 4.370995964)
(0.15 0 4.370995964)
(0 0.15 4.370995964)
(0.15 0.15 4.370995964)
(0 0 4.379802911)
(0.15 0 4.379802911)
(0 0.15 4.379802911)
(0.15 0.15 4.379802911)
(0 0 4.388599673)
(0.15 0 4.388599673)
(0 0.15 4.388599673)
(0.15 0.15 4.388599673)
(0 0 4.397386262)
(0.15 0 4.397386262)
(0 0.15 4.397386262)
(0.15 0.15 4.397386262)
(0 0 4.406162688)
(0.15 0 4.406162688)
(0 0.15 4.406162688)
(0.15 0.15 4.406162688)
(0 0 4.414928965)
(0.15 0 4.414928965)
(0 0.15 4.414928965)
(0.15 0.15 4.414928965)
(0 0 4.423685103)
(0.15 0 4.423685103)
(0 0.15 4.423685103)
(0.15 0.15 4.423685103)
(0 0 4.432431115)
(0.15 0 4.432431115)
(0 0.15 4.432431115)
(0.15 0.15 4.432431115)
(0 0 4.441167013)
(0.15 0 4.441167013)
(0 0.15 4.441167013)
(0.15 0.15 4.441167013)
(0 0 4.449892807)
(0.15 0 4.449892807)
(0 0.15 4.449892807)
(0.15 0.15 4.449892807)
(0 0 4.458608509)
(0.15 0 4.458608509)
(0 0.15 4.458608509)
(0.15 0.15 4.458608509)
(0 0 4.467314132)
(0.15 0 4.467314132)
(0 0.15 4.467314132)
(0.15 0.15 4.467314132)
(0 0 4.476009687)
(0.15 0 4.476009687)
(0 0.15 4.476009687)
(0.15 0.15 4.476009687)
(0 0 4.484695185)
(0.15 0 4.484695185)
(0 0.15 4.484695185)
(0.15 0.15 4.484695185)
(0 0 4.493370639)
(0.15 0 4.493370639)
(0 0.15 4.493370639)
(0.15 0.15 4.493370639)
(0 0 4.502036059)
(0.15 0 4.502036059)
(0 0.15 4.502036059)
(0.15 0.15 4.502036059)
(0 0 4.510691458)
(0.15 0 4.510691458)
(0 0.15 4.510691458)
(0.15 0.15 4.510691458)
(0 0 4.519336847)
(0.15 0 4.519336847)
(0 0.15 4.519336847)
(0.15 0.15 4.519336847)
(0 0 4.527972237)
(0.15 0 4.527972237)
(0 0.15 4.527972237)
(0.15 0.15 4.527972237)
(0 0 4.53659764)
(0.15 0 4.53659764)
(0 0.15 4.53659764)
(0.15 0.15 4.53659764)
(0 0 4.545213068)
(0.15 0 4.545213068)
(0 0.15 4.545213068)
(0.15 0.15 4.545213068)
(0 0 4.553818533)
(0.15 0 4.553818533)
(0 0.15 4.553818533)
(0.15 0.15 4.553818533)
(0 0 4.562414045)
(0.15 0 4.562414045)
(0 0.15 4.562414045)
(0.15 0.15 4.562414045)
(0 0 4.570999616)
(0.15 0 4.570999616)
(0 0.15 4.570999616)
(0.15 0.15 4.570999616)
(0 0 4.579575258)
(0.15 0 4.579575258)
(0 0.15 4.579575258)
(0.15 0.15 4.579575258)
(0 0 4.588140982)
(0.15 0 4.588140982)
(0 0.15 4.588140982)
(0.15 0.15 4.588140982)
(0 0 4.5966968)
(0.15 0 4.5966968)
(0 0.15 4.5966968)
(0.15 0.15 4.5966968)
(0 0 4.605242723)
(0.15 0 4.605242723)
(0 0.15 4.605242723)
(0.15 0.15 4.605242723)
(0 0 4.613778763)
(0.15 0 4.613778763)
(0 0.15 4.613778763)
(0.15 0.15 4.613778763)
(0 0 4.622304931)
(0.15 0 4.622304931)
(0 0.15 4.622304931)
(0.15 0.15 4.622304931)
(0 0 4.630821238)
(0.15 0 4.630821238)
(0 0.15 4.630821238)
(0.15 0.15 4.630821238)
(0 0 4.639327696)
(0.15 0 4.639327696)
(0 0.15 4.639327696)
(0.15 0.15 4.639327696)
(0 0 4.647824316)
(0.15 0 4.647824316)
(0 0.15 4.647824316)
(0.15 0.15 4.647824316)
(0 0 4.65631111)
(0.15 0 4.65631111)
(0 0.15 4.65631111)
(0.15 0.15 4.65631111)
(0 0 4.664788089)
(0.15 0 4.664788089)
(0 0.15 4.664788089)
(0.15 0.15 4.664788089)
(0 0 4.673255264)
(0.15 0 4.673255264)
(0 0.15 4.673255264)
(0.15 0.15 4.673255264)
(0 0 4.681712647)
(0.15 0 4.681712647)
(0 0.15 4.681712647)
(0.15 0.15 4.681712647)
(0 0 4.690160249)
(0.15 0 4.690160249)
(0 0.15 4.690160249)
(0.15 0.15 4.690160249)
(0 0 4.698598081)
(0.15 0 4.698598081)
(0 0.15 4.698598081)
(0.15 0.15 4.698598081)
(0 0 4.707026155)
(0.15 0 4.707026155)
(0 0.15 4.707026155)
(0.15 0.15 4.707026155)
(0 0 4.715444482)
(0.15 0 4.715444482)
(0 0.15 4.715444482)
(0.15 0.15 4.715444482)
(0 0 4.723853073)
(0.15 0 4.723853073)
(0 0.15 4.723853073)
(0.15 0.15 4.723853073)
(0 0 4.732251939)
(0.15 0 4.732251939)
(0 0.15 4.732251939)
(0.15 0.15 4.732251939)
(0 0 4.740641092)
(0.15 0 4.740641092)
(0 0.15 4.740641092)
(0.15 0.15 4.740641092)
(0 0 4.749020543)
(0.15 0 4.749020543)
(0 0.15 4.749020543)
(0.15 0.15 4.749020543)
(0 0 4.757390303)
(0.15 0 4.757390303)
(0 0.15 4.757390303)
(0.15 0.15 4.757390303)
(0 0 4.765750383)
(0.15 0 4.765750383)
(0 0.15 4.765750383)
(0.15 0.15 4.765750383)
(0 0 4.774100795)
(0.15 0 4.774100795)
(0 0.15 4.774100795)
(0.15 0.15 4.774100795)
(0 0 4.78244155)
(0.15 0 4.78244155)
(0 0.15 4.78244155)
(0.15 0.15 4.78244155)
(0 0 4.790772658)
(0.15 0 4.790772658)
(0 0.15 4.790772658)
(0.15 0.15 4.790772658)
(0 0 4.799094132)
(0.15 0 4.799094132)
(0 0.15 4.799094132)
(0.15 0.15 4.799094132)
(0 0 4.807405981)
(0.15 0 4.807405981)
(0 0.15 4.807405981)
(0.15 0.15 4.807405981)
(0 0 4.815708218)
(0.15 0 4.815708218)
(0 0.15 4.815708218)
(0.15 0.15 4.815708218)
(0 0 4.824000854)
(0.15 0 4.824000854)
(0 0.15 4.824000854)
(0.15 0.15 4.824000854)
(0 0 4.832283899)
(0.15 0 4.832283899)
(0 0.15 4.832283899)
(0.15 0.15 4.832283899)
(0 0 4.840557364)
(0.15 0 4.840557364)
(0 0.15 4.840557364)
(0.15 0.15 4.840557364)
(0 0 4.848821262)
(0.15 0 4.848821262)
(0 0.15 4.848821262)
(0.15 0.15 4.848821262)
(0 0 4.857075602)
(0.15 0 4.857075602)
(0 0.15 4.857075602)
(0.15 0.15 4.857075602)
(0 0 4.865320395)
(0.15 0 4.865320395)
(0 0.15 4.865320395)
(0.15 0.15 4.865320395)
(0 0 4.873555654)
(0.15 0 4.873555654)
(0 0.15 4.873555654)
(0.15 0.15 4.873555654)
(0 0 4.881781389)
(0.15 0 4.881781389)
(0 0.15 4.881781389)
(0.15 0.15 4.881781389)
(0 0 4.88999761)
(0.15 0 4.88999761)
(0 0.15 4.88999761)
(0.15 0.15 4.88999761)
(0 0 4.89820433)
(0.15 0 4.89820433)
(0 0.15 4.89820433)
(0.15 0.15 4.89820433)
(0 0 4.906401558)
(0.15 0 4.906401558)
(0 0.15 4.906401558)
(0.15 0.15 4.906401558)
(0 0 4.914589306)
(0.15 0 4.914589306)
(0 0.15 4.914589306)
(0.15 0.15 4.914589306)
(0 0 4.922767585)
(0.15 0 4.922767585)
(0 0.15 4.922767585)
(0.15 0.15 4.922767585)
(0 0 4.930936406)
(0.15 0 4.930936406)
(0 0.15 4.930936406)
(0.15 0.15 4.930936406)
(0 0 4.939095779)
(0.15 0 4.939095779)
(0 0.15 4.939095779)
(0.15 0.15 4.939095779)
(0 0 4.947245716)
(0.15 0 4.947245716)
(0 0.15 4.947245716)
(0.15 0.15 4.947245716)
(0 0 4.955386228)
(0.15 0 4.955386228)
(0 0.15 4.955386228)
(0.15 0.15 4.955386228)
(0 0 4.963517325)
(0.15 0 4.963517325)
(0 0.15 4.963517325)
(0.15 0.15 4.963517325)
(0 0 4.971639019)
(0.15 0 4.971639019)
(0 0.15 4.971639019)
(0.15 0.15 4.971639019)
(0 0 4.979751319)
(0.15 0 4.979751319)
(0 0.15 4.979751319)
(0.15 0.15 4.979751319)
(0 0 4.987854238)
(0.15 0 4.987854238)
(0 0.15 4.987854238)
(0.15 0.15 4.987854238)
(0 0 4.995947786)
(0.15 0 4.995947786)
(0 0.15 4.995947786)
(0.15 0.15 4.995947786)
(0 0 5.004031973)
(0.15 0 5.004031973)
(0 0.15 5.004031973)
(0.15 0.15 5.004031973)
(0 0 5.012106811)
(0.15 0 5.012106811)
(0 0.15 5.012106811)
(0.15 0.15 5.012106811)
(0 0 5.020172311)
(0.15 0 5.020172311)
(0 0.15 5.020172311)
(0.15 0.15 5.020172311)
(0 0 5.028228483)
(0.15 0 5.028228483)
(0 0.15 5.028228483)
(0.15 0.15 5.028228483)
(0 0 5.036275337)
(0.15 0 5.036275337)
(0 0.15 5.036275337)
(0.15 0.15 5.036275337)
(0 0 5.044312886)
(0.15 0 5.044312886)
(0 0.15 5.044312886)
(0.15 0.15 5.044312886)
(0 0 5.052341139)
(0.15 0 5.052341139)
(0 0.15 5.052341139)
(0.15 0.15 5.052341139)
(0 0 5.060360107)
(0.15 0 5.060360107)
(0 0.15 5.060360107)
(0.15 0.15 5.060360107)
(0 0 5.068369802)
(0.15 0 5.068369802)
(0 0.15 5.068369802)
(0.15 0.15 5.068369802)
(0 0 5.076370233)
(0.15 0 5.076370233)
(0 0.15 5.076370233)
(0.15 0.15 5.076370233)
(0 0 5.084361411)
(0.15 0 5.084361411)
(0 0.15 5.084361411)
(0.15 0.15 5.084361411)
(0 0 5.092343348)
(0.15 0 5.092343348)
(0 0.15 5.092343348)
(0.15 0.15 5.092343348)
(0 0 5.100316054)
(0.15 0 5.100316054)
(0 0.15 5.100316054)
(0.15 0.15 5.100316054)
(0 0 5.108279539)
(0.15 0 5.108279539)
(0 0.15 5.108279539)
(0.15 0.15 5.108279539)
(0 0 5.116233814)
(0.15 0 5.116233814)
(0 0.15 5.116233814)
(0.15 0.15 5.116233814)
(0 0 5.12417889)
(0.15 0 5.12417889)
(0 0.15 5.12417889)
(0.15 0.15 5.12417889)
(0 0 5.132114778)
(0.15 0 5.132114778)
(0 0.15 5.132114778)
(0.15 0.15 5.132114778)
(0 0 5.140041488)
(0.15 0 5.140041488)
(0 0.15 5.140041488)
(0.15 0.15 5.140041488)
(0 0 5.14795903)
(0.15 0 5.14795903)
(0 0.15 5.14795903)
(0.15 0.15 5.14795903)
(0 0 5.155867416)
(0.15 0 5.155867416)
(0 0.15 5.155867416)
(0.15 0.15 5.155867416)
(0 0 5.163766656)
(0.15 0 5.163766656)
(0 0.15 5.163766656)
(0.15 0.15 5.163766656)
(0 0 5.17165676)
(0.15 0 5.17165676)
(0 0.15 5.17165676)
(0.15 0.15 5.17165676)
(0 0 5.179537739)
(0.15 0 5.179537739)
(0 0.15 5.179537739)
(0.15 0.15 5.179537739)
(0 0 5.187409604)
(0.15 0 5.187409604)
(0 0.15 5.187409604)
(0.15 0.15 5.187409604)
(0 0 5.195272365)
(0.15 0 5.195272365)
(0 0.15 5.195272365)
(0.15 0.15 5.195272365)
(0 0 5.203126033)
(0.15 0 5.203126033)
(0 0.15 5.203126033)
(0.15 0.15 5.203126033)
(0 0 5.210970617)
(0.15 0 5.210970617)
(0 0.15 5.210970617)
(0.15 0.15 5.210970617)
(0 0 5.21880613)
(0.15 0 5.21880613)
(0 0.15 5.21880613)
(0.15 0.15 5.21880613)
(0 0 5.226632581)
(0.15 0 5.226632581)
(0 0.15 5.226632581)
(0.15 0.15 5.226632581)
(0 0 5.23444998)
(0.15 0 5.23444998)
(0 0.15 5.23444998)
(0.15 0.15 5.23444998)
(0 0 5.242258339)
(0.15 0 5.242258339)
(0 0.15 5.242258339)
(0.15 0.15 5.242258339)
(0 0 5.250057667)
(0.15 0 5.250057667)
(0 0.15 5.250057667)
(0.15 0.15 5.250057667)
(0 0 5.257847975)
(0.15 0 5.257847975)
(0 0.15 5.257847975)
(0.15 0.15 5.257847975)
(0 0 5.265629274)
(0.15 0 5.265629274)
(0 0.15 5.265629274)
(0.15 0.15 5.265629274)
(0 0 5.273401574)
(0.15 0 5.273401574)
(0 0.15 5.273401574)
(0.15 0.15 5.273401574)
(0 0 5.281164885)
(0.15 0 5.281164885)
(0 0.15 5.281164885)
(0.15 0.15 5.281164885)
(0 0 5.288919217)
(0.15 0 5.288919217)
(0 0.15 5.288919217)
(0.15 0.15 5.288919217)
(0 0 5.296664582)
(0.15 0 5.296664582)
(0 0.15 5.296664582)
(0.15 0.15 5.296664582)
(0 0 5.304400989)
(0.15 0 5.304400989)
(0 0.15 5.304400989)
(0.15 0.15 5.304400989)
(0 0 5.312128449)
(0.15 0 5.312128449)
(0 0.15 5.312128449)
(0.15 0.15 5.312128449)
(0 0 5.319846972)
(0.15 0 5.319846972)
(0 0.15 5.319846972)
(0.15 0.15 5.319846972)
(0 0 5.327556569)
(0.15 0 5.327556569)
(0 0.15 5.327556569)
(0.15 0.15 5.327556569)
(0 0 5.335257249)
(0.15 0 5.335257249)
(0 0.15 5.335257249)
(0.15 0.15 5.335257249)
(0 0 5.342949024)
(0.15 0 5.342949024)
(0 0.15 5.342949024)
(0.15 0.15 5.342949024)
(0 0 5.350631903)
(0.15 0 5.350631903)
(0 0.15 5.350631903)
(0.15 0.15 5.350631903)
(0 0 5.358305896)
(0.15 0 5.358305896)
(0 0.15 5.358305896)
(0.15 0.15 5.358305896)
(0 0 5.365971015)
(0.15 0 5.365971015)
(0 0.15 5.365971015)
(0.15 0.15 5.365971015)
(0 0 5.373627269)
(0.15 0 5.373627269)
(0 0.15 5.373627269)
(0.15 0.15 5.373627269)
(0 0 5.381274668)
(0.15 0 5.381274668)
(0 0.15 5.381274668)
(0.15 0.15 5.381274668)
(0 0 5.388913223)
(0.15 0 5.388913223)
(0 0.15 5.388913223)
(0.15 0.15 5.388913223)
(0 0 5.396542945)
(0.15 0 5.396542945)
(0 0.15 5.396542945)
(0.15 0.15 5.396542945)
(0 0 5.404163842)
(0.15 0 5.404163842)
(0 0.15 5.404163842)
(0.15 0.15 5.404163842)
(0 0 5.411775926)
(0.15 0 5.411775926)
(0 0.15 5.411775926)
(0.15 0.15 5.411775926)
(0 0 5.419379206)
(0.15 0 5.419379206)
(0 0.15 5.419379206)
(0.15 0.15 5.419379206)
(0 0 5.426973693)
(0.15 0 5.426973693)
(0 0.15 5.426973693)
(0.15 0.15 5.426973693)
(0 0 5.434559397)
(0.15 0 5.434559397)
(0 0.15 5.434559397)
(0.15 0.15 5.434559397)
(0 0 5.442136328)
(0.15 0 5.442136328)
(0 0.15 5.442136328)
(0.15 0.15 5.442136328)
(0 0 5.449704497)
(0.15 0 5.449704497)
(0 0.15 5.449704497)
(0.15 0.15 5.449704497)
(0 0 5.457263912)
(0.15 0 5.457263912)
(0 0.15 5.457263912)
(0.15 0.15 5.457263912)
(0 0 5.464814586)
(0.15 0 5.464814586)
(0 0.15 5.464814586)
(0.15 0.15 5.464814586)
(0 0 5.472356526)
(0.15 0 5.472356526)
(0 0.15 5.472356526)
(0.15 0.15 5.472356526)
(0 0 5.479889745)
(0.15 0 5.479889745)
(0 0.15 5.479889745)
(0.15 0.15 5.479889745)
(0 0 5.487414251)
(0.15 0 5.487414251)
(0 0.15 5.487414251)
(0.15 0.15 5.487414251)
(0 0 5.494930056)
(0.15 0 5.494930056)
(0 0.15 5.494930056)
(0.15 0.15 5.494930056)
(0 0 5.502437168)
(0.15 0 5.502437168)
(0 0.15 5.502437168)
(0.15 0.15 5.502437168)
(0 0 5.509935598)
(0.15 0 5.509935598)
(0 0.15 5.509935598)
(0.15 0.15 5.509935598)
(0 0 5.517425356)
(0.15 0 5.517425356)
(0 0.15 5.517425356)
(0.15 0.15 5.517425356)
(0 0 5.524906453)
(0.15 0 5.524906453)
(0 0.15 5.524906453)
(0.15 0.15 5.524906453)
(0 0 5.532378897)
(0.15 0 5.532378897)
(0 0.15 5.532378897)
(0.15 0.15 5.532378897)
(0 0 5.539842699)
(0.15 0 5.539842699)
(0 0.15 5.539842699)
(0.15 0.15 5.539842699)
(0 0 5.54729787)
(0.15 0 5.54729787)
(0 0.15 5.54729787)
(0.15 0.15 5.54729787)
(0 0 5.554744418)
(0.15 0 5.554744418)
(0 0.15 5.554744418)
(0.15 0.15 5.554744418)
(0 0 5.562182355)
(0.15 0 5.562182355)
(0 0.15 5.562182355)
(0.15 0.15 5.562182355)
(0 0 5.56961169)
(0.15 0 5.56961169)
(0 0.15 5.56961169)
(0.15 0.15 5.56961169)
(0 0 5.577032432)
(0.15 0 5.577032432)
(0 0.15 5.577032432)
(0.15 0.15 5.577032432)
(0 0 5.584444592)
(0.15 0 5.584444592)
(0 0.15 5.584444592)
(0.15 0.15 5.584444592)
(0 0 5.591848181)
(0.15 0 5.591848181)
(0 0.15 5.591848181)
(0.15 0.15 5.591848181)
(0 0 5.599243207)
(0.15 0 5.599243207)
(0 0.15 5.599243207)
(0.15 0.15 5.599243207)
(0 0 5.60662968)
(0.15 0 5.60662968)
(0 0.15 5.60662968)
(0.15 0.15 5.60662968)
(0 0 5.614007611)
(0.15 0 5.614007611)
(0 0.15 5.614007611)
(0.15 0.15 5.614007611)
(0 0 5.62137701)
(0.15 0 5.62137701)
(0 0.15 5.62137701)
(0.15 0.15 5.62137701)
(0 0 5.628737885)
(0.15 0 5.628737885)
(0 0.15 5.628737885)
(0.15 0.15 5.628737885)
(0 0 5.636090248)
(0.15 0 5.636090248)
(0 0.15 5.636090248)
(0.15 0.15 5.636090248)
(0 0 5.643434108)
(0.15 0 5.643434108)
(0 0.15 5.643434108)
(0.15 0.15 5.643434108)
(0 0 5.650769474)
(0.15 0 5.650769474)
(0 0.15 5.650769474)
(0.15 0.15 5.650769474)
(0 0 5.658096358)
(0.15 0 5.658096358)
(0 0.15 5.658096358)
(0.15 0.15 5.658096358)
(0 0 5.665414767)
(0.15 0 5.665414767)
(0 0.15 5.665414767)
(0.15 0.15 5.665414767)
(0 0 5.672724713)
(0.15 0 5.672724713)
(0 0.15 5.672724713)
(0.15 0.15 5.672724713)
(0 0 5.680026205)
(0.15 0 5.680026205)
(0 0.15 5.680026205)
(0.15 0.15 5.680026205)
(0 0 5.687319253)
(0.15 0 5.687319253)
(0 0.15 5.687319253)
(0.15 0.15 5.687319253)
(0 0 5.694603866)
(0.15 0 5.694603866)
(0 0.15 5.694603866)
(0.15 0.15 5.694603866)
(0 0 5.701880054)
(0.15 0 5.701880054)
(0 0.15 5.701880054)
(0.15 0.15 5.701880054)
(0 0 5.709147828)
(0.15 0 5.709147828)
(0 0.15 5.709147828)
(0.15 0.15 5.709147828)
(0 0 5.716407196)
(0.15 0 5.716407196)
(0 0.15 5.716407196)
(0.15 0.15 5.716407196)
(0 0 5.723658169)
(0.15 0 5.723658169)
(0 0.15 5.723658169)
(0.15 0.15 5.723658169)
(0 0 5.730900756)
(0.15 0 5.730900756)
(0 0.15 5.730900756)
(0.15 0.15 5.730900756)
(0 0 5.738134967)
(0.15 0 5.738134967)
(0 0.15 5.738134967)
(0.15 0.15 5.738134967)
(0 0 5.745360812)
(0.15 0 5.745360812)
(0 0.15 5.745360812)
(0.15 0.15 5.745360812)
(0 0 5.752578299)
(0.15 0 5.752578299)
(0 0.15 5.752578299)
(0.15 0.15 5.752578299)
(0 0 5.75978744)
(0.15 0 5.75978744)
(0 0.15 5.75978744)
(0.15 0.15 5.75978744)
(0 0 5.766988244)
(0.15 0 5.766988244)
(0 0.15 5.766988244)
(0.15 0.15 5.766988244)
(0 0 5.774180719)
(0.15 0 5.774180719)
(0 0.15 5.774180719)
(0.15 0.15 5.774180719)
(0 0 5.781364877)
(0.15 0 5.781364877)
(0 0.15 5.781364877)
(0.15 0.15 5.781364877)
(0 0 5.788540726)
(0.15 0 5.788540726)
(0 0.15 5.788540726)
(0.15 0.15 5.788540726)
(0 0 5.795708276)
(0.15 0 5.795708276)
(0 0.15 5.795708276)
(0.15 0.15 5.795708276)
(0 0 5.802867537)
(0.15 0 5.802867537)
(0 0.15 5.802867537)
(0.15 0.15 5.802867537)
(0 0 5.810018518)
(0.15 0 5.810018518)
(0 0.15 5.810018518)
(0.15 0.15 5.810018518)
(0 0 5.817161228)
(0.15 0 5.817161228)
(0 0.15 5.817161228)
(0.15 0.15 5.817161228)
(0 0 5.824295679)
(0.15 0 5.824295679)
(0 0.15 5.824295679)
(0.15 0.15 5.824295679)
(0 0 5.831421878)
(0.15 0 5.831421878)
(0 0.15 5.831421878)
(0.15 0.15 5.831421878)
(0 0 5.838539836)
(0.15 0 5.838539836)
(0 0.15 5.838539836)
(0.15 0.15 5.838539836)
(0 0 5.845649562)
(0.15 0 5.845649562)
(0 0.15 5.845649562)
(0.15 0.15 5.845649562)
(0 0 5.852751065)
(0.15 0 5.852751065)
(0 0.15 5.852751065)
(0.15 0.15 5.852751065)
(0 0 5.859844356)
(0.15 0 5.859844356)
(0 0.15 5.859844356)
(0.15 0.15 5.859844356)
(0 0 5.866929443)
(0.15 0 5.866929443)
(0 0.15 5.866929443)
(0.15 0.15 5.866929443)
(0 0 5.874006336)
(0.15 0 5.874006336)
(0 0.15 5.874006336)
(0.15 0.15 5.874006336)
(0 0 5.881075045)
(0.15 0 5.881075045)
(0 0.15 5.881075045)
(0.15 0.15 5.881075045)
(0 0 5.888135578)
(0.15 0 5.888135578)
(0 0.15 5.888135578)
(0.15 0.15 5.888135578)
(0 0 5.895187947)
(0.15 0 5.895187947)
(0 0.15 5.895187947)
(0.15 0.15 5.895187947)
(0 0 5.902232159)
(0.15 0 5.902232159)
(0 0.15 5.902232159)
(0.15 0.15 5.902232159)
(0 0 5.909268224)
(0.15 0 5.909268224)
(0 0.15 5.909268224)
(0.15 0.15 5.909268224)
(0 0 5.916296152)
(0.15 0 5.916296152)
(0 0.15 5.916296152)
(0.15 0.15 5.916296152)
(0 0 5.923315953)
(0.15 0 5.923315953)
(0 0.15 5.923315953)
(0.15 0.15 5.923315953)
(0 0 5.930327635)
(0.15 0 5.930327635)
(0 0.15 5.930327635)
(0.15 0.15 5.930327635)
(0 0 5.937331207)
(0.15 0 5.937331207)
(0 0.15 5.937331207)
(0.15 0.15 5.937331207)
(0 0 5.944326681)
(0.15 0 5.944326681)
(0 0.15 5.944326681)
(0.15 0.15 5.944326681)
(0 0 5.951314063)
(0.15 0 5.951314063)
(0 0.15 5.951314063)
(0.15 0.15 5.951314063)
(0 0 5.958293365)
(0.15 0 5.958293365)
(0 0.15 5.958293365)
(0.15 0.15 5.958293365)
(0 0 5.965264596)
(0.15 0 5.965264596)
(0 0.15 5.965264596)
(0.15 0.15 5.965264596)
(0 0 5.972227764)
(0.15 0 5.972227764)
(0 0.15 5.972227764)
(0.15 0.15 5.972227764)
(0 0 5.979182879)
(0.15 0 5.979182879)
(0 0.15 5.979182879)
(0.15 0.15 5.979182879)
(0 0 5.986129951)
(0.15 0 5.986129951)
(0 0.15 5.986129951)
(0.15 0.15 5.986129951)
(0 0 5.993068988)
(0.15 0 5.993068988)
(0 0.15 5.993068988)
(0.15 0.15 5.993068988)
(0 0 6)
(0.15 0 6)
(0 0.15 6)
(0.15 0.15 6)
)


// ************************************************************************* //
